TIME - MEM - VIRT - RES - SHR - CPU - FREE - SWAP
0:00.04 0.2 222752 3020 2784 20.0 1538.8 745.0
0:00.51 0.3 224600 4832 2784 18.8 1531.5 745.0
0:00.97 0.4 226316 6680 2784 22.2 1524.9 745.0
0:01.42 0.4 227900 8264 2784 17.6 1517.7 745.0
0:01.89 0.5 229748 10112 2784 22.2 1511.4 745.0
0:02.36 0.6 231464 11956 2784 22.2 1505.5 745.0
0:02.83 0.7 233312 13540 2784 23.5 1497.5 745.0
0:03.28 0.8 235028 15388 2784 23.5 1490.7 745.0
0:03.75 0.9 236744 17236 2784 23.5 1485.6 745.0
0:04.21 1.0 238460 18820 2784 23.5 1479.0 745.0
0:04.68 1.1 240176 20668 2784 25.0 1471.1 745.0
0:05.11 1.2 241760 22252 2784 18.8 1463.9 745.0
0:05.57 1.3 243344 23836 2784 17.6 1457.1 745.0
0:06.02 1.4 245060 25420 2784 17.6 1451.9 745.0
0:06.48 1.5 246776 27268 2784 22.2 1445.4 745.0
0:06.93 1.5 248360 28852 2784 26.3 1438.2 745.0
0:07.38 1.6 250076 30436 2784 22.2 1431.6 745.0
0:07.85 1.7 251792 32284 2784 27.8 1425.0 745.0
0:08.29 1.8 253508 33868 2784 18.8 1418.2 745.0
0:08.75 1.9 255092 35452 2784 25.0 1412.8 745.0
0:09.19 2.0 256808 37300 2784 22.2 1406.2 745.0
0:09.67 2.1 258524 38884 2784 23.5 1399.4 745.0
0:10.12 2.2 259976 40468 2784 16.7 1393.2 745.0
0:10.57 2.2 261296 41788 2784 21.1 1388.3 745.0
0:11.01 2.3 262616 42844 2784 20.0 1382.8 745.0
0:11.46 2.4 263804 44164 2784 21.1 1376.3 745.0
0:11.91 2.4 265124 45484 2784 20.0 1372.9 745.0
0:12.37 2.5 266444 46804 2784 18.8 1367.5 745.0
0:12.83 2.6 268028 48388 2784 20.0 1361.6 745.0
0:13.29 2.7 269612 49972 2784 18.8 1355.6 745.0
0:13.76 2.8 271328 51820 2784 23.5 1349.6 745.0
0:14.23 2.9 273044 53404 2784 25.0 1342.0 745.0
0:14.69 3.0 274760 55252 2784 23.5 1334.7 745.0
0:15.16 3.0 276344 56836 2784 15.8 1329.7 745.0
0:15.62 3.1 278060 58420 2784 22.2 1323.7 745.0
0:16.08 3.2 279512 60004 2784 23.5 1316.9 745.0
0:16.52 3.3 280964 61324 2784 17.6 1310.2 745.0
0:16.98 3.4 282680 63172 2784 20.0 1305.1 745.0
0:17.46 3.5 284396 64756 2784 18.8 1298.6 745.0
0:17.93 3.6 286112 66604 2784 22.2 1292.1 745.0
0:18.38 3.6 287696 68188 2784 22.2 1284.7 745.0
0:18.85 3.7 289412 69772 2784 25.0 1280.0 745.0
0:19.31 3.8 291128 71620 2784 23.5 1273.3 745.0
0:19.77 3.9 292712 73204 2784 17.6 1266.4 745.0
0:20.21 4.0 294164 74524 2784 18.8 1259.5 745.0
0:20.68 4.1 295880 76372 2784 17.6 1253.0 745.0
0:21.14 4.2 297596 77956 2784 22.2 1246.4 745.0
0:21.59 4.3 299180 79540 2784 20.0 1239.0 745.0
0:22.04 4.4 300896 81388 2784 25.0 1233.6 745.0
0:22.51 4.4 302612 82972 2784 26.3 1226.5 745.0
0:22.97 4.5 304328 84820 2784 23.5 1220.0 745.0
0:23.42 4.6 305912 86404 2784 23.5 1212.6 745.0
0:23.86 4.7 307100 87460 2784 22.2 1208.5 745.0
0:24.31 4.7 308288 88780 2784 22.2 1203.7 745.0
0:24.76 4.8 309740 90100 2784 23.5 1198.3 745.0
0:25.21 4.9 311192 91684 2784 23.5 1192.5 745.0
0:25.66 5.0 312512 93004 2784 26.3 1187.4 745.0
0:26.11 5.0 313832 94324 2784 25.0 1181.8 745.0
0:26.55 5.1 315416 95908 2784 22.2 1176.4 745.0
0:27.00 5.2 317000 97492 2784 18.8 1169.8 745.0
0:27.47 5.3 318584 99076 2784 22.2 1163.3 745.0
0:27.92 5.4 320036 100396 2784 17.6 1157.4 745.0
0:28.39 5.5 321752 102244 2784 22.2 1150.5 745.0
0:28.85 5.6 323336 103828 2784 21.1 1147.1 745.0
0:29.32 5.6 325052 105412 2784 23.5 1141.5 745.0
0:29.78 5.7 326768 107260 2784 23.5 1134.2 745.0
0:30.25 5.8 328352 108844 2784 18.8 1126.6 745.0
0:30.71 5.9 330068 110428 2784 25.0 1120.7 745.0
0:31.17 6.0 331520 112012 2784 16.7 1114.4 745.0
0:31.62 6.1 333104 113596 2784 17.6 1107.7 745.0
0:32.09 6.2 334820 115180 2784 26.3 1099.4 745.0
0:32.54 6.2 336536 116764 2784 22.2 1094.1 745.0
0:32.99 6.3 338120 118612 2784 21.1 1087.4 745.0
0:33.45 6.4 339704 120196 2784 22.2 1081.7 745.0
0:33.89 6.5 341420 121780 2784 17.6 1075.1 745.0
0:34.36 6.6 343004 123364 2784 22.2 1068.8 745.0
0:34.81 6.7 344720 125212 2784 16.7 1062.3 745.0
0:35.27 6.8 346436 126796 2784 18.8 1054.6 745.0
0:35.73 6.9 348020 128380 2784 25.0 1048.3 745.0
0:36.17 7.0 349736 130228 2784 17.6 1042.2 745.0
0:36.63 7.0 351320 131812 2784 22.2 1036.4 745.0
0:37.09 7.1 353036 133396 2784 23.5 1029.7 745.0
0:37.53 7.2 354752 135244 2784 18.8 1022.2 745.0
0:38.00 7.3 356468 136828 2784 27.8 1017.1 745.0
0:38.45 7.4 358184 138676 2784 23.5 1010.3 745.0
0:38.91 7.5 359768 140260 2784 25.0 1002.4 745.0
0:39.35 7.6 361352 141844 2784 20.0 996.7 745.0
0:39.82 7.7 363068 143428 2784 23.5 988.2 745.0
0:40.28 7.8 364784 145276 2784 23.5 981.8 745.0
0:40.73 7.9 366500 146860 2784 29.4 974.7 745.0
0:41.18 7.9 368216 148708 2784 16.7 968.6 745.0
0:41.64 8.0 369932 150292 2784 17.6 961.2 745.0
0:42.10 8.1 371648 152140 2784 20.0 953.8 745.0
0:42.56 8.2 373364 153724 2784 15.8 947.2 745.0
0:43.02 8.3 375080 155572 2784 22.2 940.7 745.0
0:43.47 8.4 376664 157156 2784 25.0 934.3 745.0
0:43.92 8.5 378380 158740 2784 22.2 927.5 745.0
0:44.37 8.6 380096 160588 2784 17.6 920.9 745.0
0:44.83 8.7 381812 162172 2784 21.1 914.2 745.0
0:45.29 8.8 383528 164020 2784 22.2 907.4 745.0
0:45.74 8.9 385244 165604 2784 22.2 900.9 745.0
0:46.19 8.9 386828 167188 2784 23.5 894.8 745.0
0:46.65 9.0 388412 168772 2784 16.7 889.1 745.0
0:47.11 9.1 390128 170620 2784 27.8 882.1 745.0
0:47.57 9.2 391712 172204 2784 21.1 875.5 745.0
0:48.04 9.3 393428 173788 2784 27.8 869.0 745.0
0:48.47 9.4 394748 175108 2784 18.8 865.3 745.0
0:48.93 9.4 396200 176692 2784 23.5 858.7 745.0
0:49.39 9.5 397916 178276 2784 29.4 852.0 745.0
0:49.83 9.6 399500 179860 2784 20.0 845.8 745.0
0:50.29 9.7 401216 181708 2784 17.6 839.4 745.0
0:50.74 9.8 402800 183292 2784 22.2 832.5 745.0
0:51.20 9.9 404516 184876 2784 26.7 826.2 745.0
0:51.65 10.0 406232 186724 2784 29.4 820.3 745.0
0:52.10 10.1 407948 188308 2784 22.2 813.6 745.0
0:52.57 10.2 409664 190156 2784 17.6 805.5 745.0
0:53.02 10.2 411380 191740 2784 18.8 799.6 745.0
0:53.48 10.3 413096 193588 2784 23.5 794.9 745.0
0:53.95 10.4 414812 195172 2784 30.0 787.8 745.0
0:54.39 10.5 416528 197020 2784 18.8 781.2 745.0
0:54.84 10.6 418244 198604 2784 17.6 775.2 745.0
0:55.31 10.7 419960 200452 2784 27.8 765.4 745.0
0:55.76 10.8 421808 202300 2784 25.0 757.8 745.0
0:56.22 10.9 423524 203884 2784 18.8 751.8 745.0
0:56.67 11.0 425240 205732 2784 16.7 744.9 745.0
0:57.13 11.1 426956 207316 2784 22.2 737.6 745.0
0:57.58 11.2 428540 208900 2784 23.5 730.7 745.0
0:58.03 11.3 430256 210748 2784 18.8 724.0 745.0
0:58.49 11.4 431972 212332 2784 23.5 717.5 745.0
0:58.95 11.4 433688 214180 2784 23.5 710.8 745.0
0:59.40 11.5 435272 215764 2784 17.6 704.4 745.0
0:59.86 11.6 436856 217348 2784 23.5 699.8 745.0
1:00.32 11.7 438572 218932 2784 23.5 693.4 745.0
1:00.77 11.8 440156 220516 2784 22.2 686.8 745.0
1:01.24 11.9 441740 222100 2784 25.0 680.8 745.0
1:01.69 12.0 443324 223684 2784 25.0 673.9 745.0
1:02.14 12.0 444908 225268 2784 17.6 667.0 745.0
1:02.60 12.1 446492 226852 2784 25.0 660.4 745.0
1:03.07 12.2 448208 228700 2784 23.5 654.4 745.0
1:03.52 12.3 449924 230284 2784 21.1 647.8 745.0
1:03.98 12.4 451640 232132 2784 17.6 640.9 745.0
1:04.44 12.5 453356 233716 2784 31.2 634.6 745.0
1:04.88 12.6 454940 235300 2784 17.6 628.3 745.0
1:05.33 12.7 456656 237148 2784 23.5 622.4 745.0
1:05.79 12.8 458372 238732 2784 17.6 614.7 745.0
1:06.25 12.9 460088 240580 2784 21.1 608.8 745.0
1:06.73 13.0 461936 242428 2784 27.8 601.5 745.0
1:07.19 13.0 463652 244012 2784 17.6 594.6 745.0
1:07.66 13.1 465368 245860 2784 23.5 587.9 745.0
1:08.11 13.2 467084 247444 2784 16.7 584.2 745.0
1:08.57 13.3 468800 249292 2784 17.6 576.5 745.0
1:09.04 13.4 470648 251140 2784 22.2 569.2 745.0
1:09.51 13.5 472364 252724 2784 21.1 563.9 745.0
1:09.97 13.6 474212 254572 2784 22.2 556.0 745.0
1:10.43 13.7 475928 256420 2784 25.0 549.9 745.0
1:10.90 13.8 477644 258004 2784 22.2 542.9 745.0
1:11.37 13.9 479492 259852 2784 29.4 535.2 745.0
1:11.82 14.0 481208 261700 2784 23.5 529.4 745.0
1:12.28 14.1 482924 263284 2784 29.4 522.6 745.0
1:12.73 14.2 484640 265132 2784 23.5 515.3 745.0
1:13.26 14.3 486620 266980 2784 23.5 508.2 745.0
1:13.79 14.4 488468 268828 2784 27.8 501.4 745.0
1:14.24 14.5 490184 270676 2784 25.0 494.8 745.0
1:14.70 14.6 491900 272260 2784 23.5 489.5 745.0
1:15.16 14.6 493484 273844 2784 26.3 482.9 745.0
1:15.61 14.7 495200 275692 2784 21.1 474.9 745.0
1:16.07 14.8 496652 277012 2784 27.8 469.1 745.0
1:16.53 14.9 498236 278596 2784 15.8 463.2 745.0
1:17.00 15.0 499820 280180 2784 26.3 456.9 745.0
1:17.46 15.1 501404 281764 2784 35.3 450.7 745.0
1:17.90 15.2 503120 283612 2784 23.5 443.9 745.0
1:18.36 15.2 504836 285196 2784 16.7 437.1 745.0
1:18.82 15.3 506552 287044 2784 22.2 430.3 745.0
1:19.29 15.4 508400 288892 2784 18.8 423.2 745.0
1:19.76 15.5 510116 290476 2784 25.0 416.9 745.0
1:20.22 15.6 511964 292324 2784 17.6 410.1 745.0
1:20.68 15.7 513548 293908 2784 23.5 403.0 745.0
1:21.14 15.8 515264 295756 2784 31.2 397.1 745.0
1:21.59 15.9 516980 297340 2784 22.2 391.0 745.0
1:22.03 16.0 518564 298924 2784 17.6 384.4 745.0
1:22.51 16.1 520412 300772 2784 25.0 379.1 745.0
1:23.04 16.2 522392 302884 2784 26.7 376.1 745.0
1:23.52 16.3 524240 304732 2784 31.2 370.1 745.0
1:23.98 16.4 525956 306316 2784 22.2 366.8 745.0
1:24.43 16.5 527804 308164 2784 17.6 361.3 745.0
1:24.89 16.6 529520 310012 2784 25.0 353.5 745.0
1:25.35 16.7 531368 311860 2784 23.5 347.7 745.0
1:25.80 16.8 533084 313444 2784 23.5 339.8 745.0
1:26.27 16.9 534800 315292 2784 31.2 332.2 745.0
1:26.73 17.0 536648 317140 2784 25.0 330.0 745.0
1:27.20 17.0 538496 318724 2784 25.0 326.1 745.0
1:27.66 17.1 540212 320572 2784 22.2 318.4 745.0
1:28.12 17.2 541928 322156 2784 29.4 311.6 745.0
1:28.57 17.3 543512 324004 2784 22.2 304.5 745.0
1:29.04 17.4 545360 325588 2784 29.4 299.5 745.0
1:29.49 17.5 547076 327436 2784 22.2 292.0 745.0
1:29.97 17.6 548924 329284 2784 17.6 287.3 745.0
1:30.43 17.7 550640 331132 2784 23.5 281.6 745.0
1:30.88 17.8 552356 332716 2784 23.5 274.9 745.0
1:31.34 17.9 553940 334300 2784 21.1 269.6 745.0
1:31.81 18.0 555656 336148 2784 26.3 262.5 745.0
1:32.27 18.1 557240 337732 2784 27.8 254.8 745.0
1:32.72 18.1 558956 339316 2784 17.6 246.9 745.0
1:33.21 18.2 560804 341164 2784 22.2 239.9 745.0
1:33.67 18.3 562652 343012 2784 23.5 233.7 745.0
1:34.13 18.4 564236 344596 2784 27.8 227.8 745.0
1:34.59 18.5 566084 346444 2784 22.2 220.8 745.0
1:35.04 18.6 567800 348292 2784 18.8 215.5 745.0
1:35.50 18.7 569516 349876 2784 23.5 209.1 745.0
1:35.95 18.8 571100 351460 2784 26.7 202.8 745.0
1:36.40 18.9 572684 353044 2784 22.2 196.2 745.0
1:36.86 19.0 574400 354892 2784 31.2 188.4 745.0
1:37.32 19.1 576116 356476 2784 25.0 182.3 745.0
1:37.77 19.1 577700 358060 2784 21.1 174.8 745.0
1:38.23 19.2 579416 359908 2784 27.8 169.0 745.0
1:38.68 19.3 581132 361492 2784 22.2 162.7 745.0
1:39.12 19.4 582716 363076 2784 16.7 156.5 745.0
1:39.58 19.5 584432 364924 2784 23.5 149.2 745.0
1:40.04 19.6 586148 366508 2784 21.1 142.3 745.0
1:40.50 19.7 587864 368356 2784 23.5 135.7 745.0
1:40.94 19.8 589580 369940 2784 22.2 128.9 745.0
1:41.40 19.9 591164 371524 2784 23.5 122.2 745.0
1:41.85 20.0 592880 373372 2784 29.4 116.0 745.0
1:42.31 20.0 594596 374956 2784 29.4 109.3 745.0
1:42.76 20.1 596180 376540 2784 27.8 102.7 745.0
1:43.22 20.2 597896 378388 2784 27.8 96.3 745.0
1:43.66 20.3 599480 379972 2784 21.1 90.1 745.0
1:44.13 20.4 601064 381556 2784 23.5 87.6 745.0
1:44.57 20.5 602780 383140 2784 22.2 81.1 745.0
1:45.04 20.6 604496 384988 2784 20.0 74.9 745.0
1:45.49 20.7 606080 386572 2784 23.5 68.1 745.0
1:45.95 20.7 607796 388156 2784 22.2 88.2 744.8
1:46.43 20.8 609512 390004 2784 22.2 79.4 744.8
1:46.96 20.9 611360 391720 2652 22.2 72.8 744.8
1:47.41 21.0 613076 393304 2652 22.2 65.9 744.8
1:47.86 21.1 614792 395144 2644 21.1 95.3 744.8
1:48.33 21.2 616508 396728 2644 26.3 87.5 744.8
1:48.80 21.3 618224 398576 2644 33.3 80.8 744.8
1:49.26 21.4 619940 400160 2644 25.0 74.3 744.8
1:49.72 21.5 621656 402008 2644 29.4 69.2 744.8
1:50.16 21.6 623240 403592 2644 17.6 80.2 744.8
1:50.65 21.7 624956 405096 2572 26.3 69.4 744.8
1:51.11 21.8 626672 406944 2572 30.0 82.9 743.4
1:51.56 21.8 628256 408432 2476 27.8 76.5 743.4
1:52.02 21.9 629972 410016 2476 25.0 68.6 743.4
1:52.46 22.0 631556 411600 2476 20.0 79.5 739.2
1:52.93 22.0 633272 412320 2284 17.6 66.0 739.2
1:53.45 22.1 635120 414212 2072 25.0 65.6 738.7
1:54.07 22.0 637364 411800 1692 23.8 77.2 712.7
1:54.53 22.1 638948 413640 1684 22.2 72.1 712.7
1:54.99 22.2 640268 414960 1684 21.1 65.9 712.7
1:55.44 22.3 641720 416280 1684 20.0 69.7 697.7
1:56.20 22.4 644228 418920 1684 17.6 68.2 681.2
1:56.77 22.5 646208 420828 1752 22.2 65.0 681.2
1:57.24 22.6 647924 422412 1752 22.2 71.2 670.8
1:57.71 22.7 649508 423996 1752 22.2 66.0 670.8
1:58.14 22.7 650828 425316 1752 12.5 76.5 647.9
1:58.61 22.8 652280 426900 1752 25.0 73.8 647.9
1:59.07 22.9 653600 428220 1752 21.1 66.4 647.9
1:59.53 23.0 655184 429804 1752 22.2 80.8 630.7
2:00.00 23.0 656636 431124 1752 22.2 77.4 630.7
2:00.46 23.1 658088 432708 1752 20.0 71.3 630.7
2:00.92 23.2 659408 434028 1752 19.0 64.4 630.7
2:01.38 23.3 660728 435348 1752 15.8 78.6 605.4
2:01.82 23.3 662048 436668 1752 16.7 69.0 605.4
2:02.27 23.4 663236 437988 1752 16.7 63.8 605.4
2:02.88 23.5 665216 439836 1752 18.8 76.9 583.9
2:03.55 23.6 667328 441868 1672 26.7 67.9 583.9
2:04.01 23.7 668648 443236 1852 20.0 63.8 583.9
2:04.46 23.8 669968 444820 1852 17.6 74.0 578.4
2:04.93 23.8 671420 446140 1852 20.0 69.4 578.4
2:05.40 23.9 672872 447460 1852 16.7 63.8 578.2
2:05.83 24.0 674192 449044 1852 17.6 82.9 546.2
2:06.28 24.1 675512 450100 1852 23.5 77.8 546.2
2:06.72 24.1 676964 451684 1852 29.4 73.2 546.2
2:07.17 24.2 678284 453004 1852 22.2 68.1 546.2
2:07.61 24.3 679604 454324 1852 18.8 86.1 522.9
2:08.08 24.4 680924 455644 1852 29.4 80.9 522.9
2:08.59 24.4 682376 457228 1852 18.8 73.9 522.9
2:09.04 24.5 683696 458548 1852 18.8 68.2 522.9
2:09.50 24.6 685148 459868 1852 23.5 64.5 522.6
2:09.95 24.7 686468 461188 1852 18.8 83.4 496.9
2:10.41 24.7 687788 462508 1852 27.8 76.7 496.9
2:10.86 24.8 689108 463828 1852 20.0 72.6 496.9
2:11.32 24.9 690560 465148 1852 23.5 67.2 496.9
2:11.78 24.9 691880 466468 1852 20.0 62.6 496.9
2:12.23 25.0 693068 467788 1852 21.1 84.8 475.9
2:12.68 25.1 694388 469108 1852 20.0 79.1 475.9
2:13.12 25.1 695576 470428 1852 16.7 74.6 475.9
2:13.58 25.2 696896 471484 1852 16.7 68.5 475.9
2:14.04 25.3 698216 473068 1852 23.5 63.4 475.9
2:14.48 25.3 699536 474124 1852 18.8 75.7 455.7
2:14.93 25.4 700856 475444 1852 20.0 69.5 455.7
2:15.37 25.5 702044 476764 1852 18.8 64.4 455.7
2:15.82 25.5 703232 477820 1852 17.6 77.3 444.2
2:16.26 25.6 704420 479140 1852 15.8 70.9 444.2
2:16.69 25.7 705608 480460 1852 17.6 66.9 444.2
2:17.14 25.8 706928 481780 1852 16.7 74.1 425.2
2:17.59 25.8 708248 483100 1852 16.7 69.0 425.2
2:18.04 25.9 709568 484156 1852 20.0 64.0 425.2
2:18.49 26.0 710888 485476 1852 17.6 85.4 402.4
2:18.94 26.0 712208 486796 1852 23.5 81.4 402.4
2:19.38 26.1 713396 488116 1852 15.8 76.3 402.4
2:19.84 26.2 714848 489436 1852 17.6 70.1 402.4
2:20.29 26.2 716036 490756 1852 18.8 65.0 402.4
2:20.74 26.0 717356 485932 1852 16.7 74.4 385.9
2:21.19 26.0 718808 487252 1852 16.7 69.5 385.9
2:21.65 26.1 720260 488836 1852 17.6 63.9 385.9
2:22.10 26.2 721712 490420 1852 18.8 74.0 375.7
2:22.56 26.3 723164 491740 1852 17.6 68.9 375.7
2:23.02 26.4 724616 493324 1852 17.6 63.5 375.7
2:23.46 25.7 726068 480308 1852 22.2 79.9 345.7
2:23.91 25.7 727520 481628 1852 21.1 74.2 345.7
2:24.38 25.8 728972 483212 1852 22.2 67.8 345.7
2:24.83 25.9 730424 484796 1852 16.7 62.7 345.7
2:25.29 26.0 732008 486116 1852 22.2 71.7 328.9
2:25.74 26.1 733460 487700 1852 18.8 65.9 328.9
2:26.22 25.4 735044 475572 1852 25.0 80.5 305.7
2:26.77 25.4 736760 474748 1852 17.6 77.9 302.9
2:27.24 25.4 738212 476068 1852 17.6 72.6 302.9
2:27.68 25.5 739532 477388 1852 18.8 67.3 302.9
2:28.14 25.6 740984 478972 1852 21.1 73.6 286.7
2:28.59 25.7 742436 480292 1852 20.0 70.2 286.7
2:29.03 25.0 743888 467276 1852 17.6 72.3 264.2
2:29.49 25.1 745340 468860 1852 25.0 76.3 251.9
2:30.02 25.1 746924 470444 1852 22.2 72.1 251.9
2:30.47 25.2 748112 471500 1852 22.2 66.2 251.9
2:30.92 24.5 749432 458740 1844 18.8 81.1 227.2
2:31.38 24.6 750884 460060 1844 23.5 75.4 227.2
2:31.83 24.7 752336 461644 1844 23.5 77.4 210.2
2:32.29 24.7 753920 462964 1844 23.5 73.4 210.2
2:32.76 24.8 755372 464548 1844 17.6 69.2 209.9
2:33.22 24.9 756824 465868 1844 22.2 64.1 209.9
2:33.73 24.3 758408 455164 1844 27.8 68.4 193.2
2:34.12 24.2 759596 452388 1844 12.5 68.0 189.2
2:34.57 24.3 760916 453708 1844 17.6 86.8 169.2
2:35.03 24.3 762368 455028 1844 20.0 80.6 169.2
2:35.50 24.4 763820 456612 1844 20.0 75.1 169.2
2:35.96 24.5 765140 457932 1844 27.8 69.8 169.2
2:36.41 24.6 766460 459252 1844 21.1 64.4 169.2
2:36.84 24.0 767780 448284 1844 23.5 81.7 148.9
2:37.30 24.0 769100 449604 1844 25.0 76.4 148.9
2:37.75 24.1 770552 450924 1844 22.2 71.1 148.9
2:38.20 24.2 771872 452244 1844 16.7 65.8 148.9
2:38.66 24.1 773192 451516 1844 26.7 85.5 126.8
2:39.11 24.2 774512 453100 1844 21.1 80.3 126.8
2:39.55 24.3 775832 454156 1844 21.1 75.1 126.8
2:40.00 24.3 777152 455476 1844 21.1 69.8 126.8
2:40.44 24.4 778340 456796 1844 22.2 63.4 126.8
2:40.89 23.7 779660 443780 1844 21.1 75.9 102.1
2:41.34 23.8 780848 444836 1844 22.2 70.2 102.1
2:41.79 23.9 782036 446156 1844 22.2 65.4 102.1
2:42.22 23.9 783356 447476 1844 26.3 77.2 84.5
2:42.67 24.0 784676 448796 1844 21.1 71.6 84.5
2:43.12 24.1 785996 450116 1844 21.1 66.7 84.5
2:43.57 24.1 787316 451436 1844 26.3 80.8 62.9
2:44.01 23.4 788504 438156 1844 29.4 76.1 62.9
2:44.44 23.5 789692 439476 1844 23.5 71.1 62.9
2:44.89 23.5 790748 440532 1844 26.3 66.7 62.9
2:45.32 23.6 791936 441588 1844 29.4 62.2 31.4
2:45.77 22.9 793124 428572 1844 22.2 89.5 28.7
2:46.21 23.0 794312 429892 1844 22.2 84.7 28.7
2:46.66 23.0 795632 430948 1844 26.3 78.6 28.7
2:47.10 23.1 796820 432268 1844 27.8 1666.0 740.4
1665.9 740.4
1665.8 740.4
1665.8 740.4
1665.9 740.4
1665.8 740.4
1665.9 740.4
1665.9 740.4
1665.9 740.4
1665.9 740.4
1665.9 740.4
1665.9 740.4
1665.9 740.4
1665.8 740.4
1665.9 740.4
1665.8 740.4
1665.7 740.4
1665.7 740.4
1665.1 740.4
1665.1 740.4
1665.1 740.4
1665.1 740.4
1665.1 740.4
1665.1 740.4
1665.1 740.4
1665.1 740.4
1665.1 740.4
1665.1 740.4
1665.1 740.4
1665.1 740.4
1665.1 740.4
1665.1 740.4
1665.1 740.4
1665.1 740.4
1665.0 740.4
1665.0 740.4
1665.0 740.4
1665.0 740.4
1665.0 740.4
1665.0 740.4
1663.9 740.4
1663.9 740.4
1664.0 740.4
1664.0 740.4
1664.0 740.4
1664.0 740.4
1664.0 740.4
1662.8 740.4
1662.8 740.4
1659.2 740.4
1659.2 740.4
1659.2 740.4
1659.2 740.4
1659.2 740.4
1659.2 740.4
1659.2 740.4
1659.2 740.4
1659.2 740.4
1659.2 740.4
1659.2 740.4
1659.2 740.4
1659.2 740.4
1659.2 740.4
1659.2 740.4
1659.2 740.4
1659.2 740.4
1659.2 740.4
1659.2 740.4
1659.2 740.4
1659.2 740.4
1659.2 740.4
1659.2 740.4
1658.2 740.4
1658.2 740.4
1658.2 740.4
1658.2 740.4
1658.1 740.4
1658.1 740.4
1658.1 740.4
1658.1 740.4
1658.1 740.4
1658.1 740.4
1658.1 740.4
1658.1 740.4
1658.1 740.4
1658.1 740.4
1658.1 740.4
1658.1 740.4
1658.1 740.4
1658.1 740.4
1658.1 740.4
1658.1 740.4
1658.1 740.4
1658.1 740.4
1658.1 740.4
1658.1 740.4
1658.1 740.4
1658.1 740.4
1658.1 740.4
1658.1 740.4
1658.1 740.4
1658.1 740.4
1658.1 740.4
1658.1 740.4
1658.1 740.4
1658.1 740.4
1658.1 740.4
1658.1 740.4
1658.1 740.4
1658.1 740.4
1658.1 740.4
1658.1 740.4
1658.1 740.4
1658.1 740.4
1658.1 740.4
1658.0 740.4
1658.0 740.4
1658.1 740.4
1658.1 740.4
1658.0 740.4
1658.0 740.4
1658.0 740.4
1658.0 740.4
1658.0 740.4
1658.0 740.4
1658.0 740.4
1658.0 740.4
1657.9 740.4
1658.1 740.4
1658.0 740.4
1658.0 740.4
1658.0 740.4
1658.0 740.4
1658.0 740.4
1658.0 740.4
1658.0 740.4
1658.0 740.4
1658.0 740.4
1658.0 740.4
1657.9 740.4
1658.0 740.4
1658.0 740.4
1658.0 740.4
1658.0 740.4
1658.0 740.4
1658.0 740.4
1658.0 740.4
1658.0 740.4
1658.0 740.4
1657.9 740.4
1658.0 740.4
1657.9 740.4
1657.9 740.4
1657.9 740.4
1658.0 740.4
1657.9 740.4
1658.0 740.4
1657.9 740.4
1657.9 740.4
1657.9 740.4
1657.9 740.4
1657.9 740.4
1658.0 740.4
1658.0 740.4
1658.0 740.4
1658.0 740.4
1658.0 740.4
1657.9 740.4
1658.0 740.4
1658.0 740.4
1658.1 740.4
1658.0 740.4
1658.0 740.4
1658.0 740.4
1658.0 740.4
1658.0 740.4
1658.0 740.4
1658.0 740.4
1658.0 740.4
1658.0 740.4
1658.0 740.4
1657.9 740.4
1658.0 740.4
1658.0 740.4
1658.0 740.4
1658.0 740.4
1658.0 740.4
1657.9 740.4
1658.0 740.4
1658.0 740.4
1658.0 740.4
1658.0 740.4
1657.0 740.4
1657.0 740.4
1656.9 740.4
1656.9 740.4
1656.9 740.4
1657.0 740.4
1656.9 740.4
1657.0 740.4
1657.0 740.4
1657.0 740.4
1657.0 740.4
1656.9 740.4
1657.0 740.4
1656.7 740.4
1656.8 740.4
1656.8 740.4
1655.9 740.4
1655.8 740.4
1655.7 740.4
1655.7 740.4
1655.8 740.4
1655.8 740.4
1655.7 740.4
1655.8 740.4
1655.8 740.4
1655.7 740.4
1655.7 740.4
1655.6 740.4
1655.6 740.4
1655.5 740.4
1655.5 740.4
1655.5 740.4
1655.5 740.4
1655.5 740.4
1655.4 740.4
1655.4 740.4
1655.5 740.4
1655.4 740.4
1655.4 740.4
1655.4 740.4
1655.5 740.4
1655.5 740.4
1655.4 740.4
1655.4 740.4
1655.5 740.4
1655.5 740.4
1655.4 740.4
1655.4 740.4
1655.4 740.4
1655.4 740.4
1655.4 740.4
1655.4 740.4
1655.4 740.4
1655.4 740.4
1655.4 740.4
1655.4 740.4
1655.4 740.4
1655.4 740.4
1655.3 740.4
1655.4 740.4
1655.4 740.4
1655.4 740.4
1655.3 740.4
1655.4 740.4
1655.4 740.4
1655.4 740.4
1655.4 740.4
1655.3 740.4
1655.3 740.4
1655.3 740.4
1655.2 740.4
1655.3 740.4
1655.4 740.4
1655.2 740.4
1655.4 740.4
1653.8 740.4
1653.7 740.4
1653.6 740.4
1653.6 740.4
1653.6 740.4
1652.6 740.4
1652.6 740.4
1652.7 740.4
1652.6 740.4
1652.6 740.4
1652.6 740.4
1652.5 740.4
1652.5 740.4
1652.6 740.4
1652.6 740.4
