1281.8 631.2
1281.8 631.2
1281.9 631.2
1281.9 631.2
1280.4 631.2
1280.1 631.2
1280.4 631.2
1280.4 631.2
1281.7 631.2
1281.9 631.2
1281.9 631.2
1281.9 631.2
1281.9 631.2
1281.7 631.2
1281.4 631.2
1281.7 631.2
1281.7 631.2
1281.9 631.2
1281.8 631.2
1280.3 631.2
1280.3 631.2
1281.6 631.2
1280.7 631.2
1281.8 631.2
1280.3 631.2
1280.3 631.2
1280.3 631.2
1280.3 631.2
1280.3 631.2
1280.3 631.2
1280.3 631.2
1280.3 631.2
1280.3 631.2
1280.3 631.2
1280.3 631.2
1280.3 631.2
1280.3 631.2
1280.3 631.2
1280.3 631.2
1280.3 631.2
1280.3 631.2
1280.3 631.2
1280.2 631.2
1280.3 631.2
1280.3 631.2
1280.3 631.2
1280.3 631.2
1281.6 631.2
1281.6 631.2
1281.8 631.2
1281.8 631.2
1281.8 631.2
1281.8 631.2
1279.2 631.2
1279.2 631.2
1279.0 631.2
1279.2 631.2
1279.2 631.2
1279.2 631.2
1279.0 631.2
1279.2 631.2
1279.2 631.2
1279.2 631.2
1279.1 631.2
1279.1 631.2
1279.2 631.2
1279.1 631.2
1279.0 631.2
1279.1 631.2
1279.2 631.2
1278.9 631.2
1278.9 631.2
1279.2 631.2
1279.2 631.2
1279.2 631.2
1279.1 631.2
1279.1 631.2
1278.9 631.2
1278.9 631.2
1279.2 631.2
1279.2 631.2
1279.2 631.2
1277.6 631.2
1279.1 631.2
1279.1 631.2
1279.2 631.2
1279.1 631.2
1279.1 631.2
1279.1 631.2
1277.6 631.2
1279.1 631.2
1279.0 631.2
1279.1 631.2
1279.1 631.2
1279.2 631.2
1279.1 631.2
1279.0 631.2
1279.1 631.2
1279.2 631.2
1279.2 631.2
1279.1 631.2
1279.1 631.2
1278.9 631.2
1277.6 631.2
1278.9 631.2
1279.1 631.2
1278.9 631.2
1279.1 631.2
1279.1 631.2
1279.1 631.2
1279.2 631.2
1279.1 631.2
1279.1 631.2
1279.1 631.2
1279.1 631.2
1279.0 631.2
1278.9 631.2
1279.0 631.2
1279.1 631.2
1279.0 631.2
1279.0 631.2
1278.5 631.2
1279.0 631.2
1278.9 631.2
1279.0 631.2
1278.6 631.2
1277.5 631.2
1279.1 631.2
1279.1 631.2
1279.1 631.2
1279.1 631.2
1278.9 631.2
1279.0 631.2
1279.0 631.2
1279.0 631.2
1279.0 631.2
1278.8 631.2
1279.0 631.2
1279.0 631.2
1279.0 631.2
1279.0 631.2
1279.0 631.2
1279.0 631.2
1279.0 631.2
1278.8 631.2
1279.0 631.2
1279.0 631.2
1279.0 631.2
1279.0 631.2
1279.0 631.2
1278.7 631.2
1278.9 631.2
1277.4 631.2
1278.9 631.2
1278.9 631.2
1278.9 631.2
1278.7 631.2
1279.0 631.2
1279.0 631.2
1279.0 631.2
1279.0 631.2
1279.0 631.2
1278.7 631.2
1278.4 631.2
1278.7 631.2
1279.0 631.2
1279.0 631.2
1279.0 631.2
1278.7 631.2
1279.0 631.2
1278.9 631.2
1278.8 631.2
1279.0 631.2
1279.0 631.2
1279.0 631.2
1279.0 631.2
1279.0 631.2
1279.0 631.2
1279.0 631.2
1278.7 631.2
1278.7 631.2
1278.9 631.2
1278.9 631.2
1278.9 631.2
1278.9 631.2
1279.0 631.2
1279.0 631.2
1278.9 631.2
1279.0 631.2
1278.9 631.2
1278.9 631.2
1279.0 631.2
1279.0 631.2
1278.7 631.2
1278.9 631.2
1278.9 631.2
1278.9 631.2
1278.9 631.2
1278.9 631.2
1278.9 631.2
1279.0 631.2
1278.9 631.2
1279.0 631.2
1278.7 631.2
1278.7 631.2
1278.9 631.2
1278.9 631.2
1278.9 631.2
1278.9 631.2
1278.9 631.2
1278.7 631.2
1268.5 631.4
1217.0 631.6
1216.9 631.6
1215.4 631.6
1215.4 631.6
1215.4 631.6
1215.4 631.6
1215.4 631.6
1215.4 631.6
1215.4 631.6
1215.4 631.6
1215.4 631.6
1215.4 631.6
1215.4 631.6
1215.4 631.6
1215.4 631.6
1215.4 631.6
1215.4 631.6
1215.3 631.6
1215.4 631.6
1215.4 631.6
1215.4 631.6
1215.4 631.6
1215.4 631.6
1216.9 631.6
1216.9 631.6
1216.9 631.6
1216.9 631.6
1216.4 631.6
1216.9 631.6
1216.9 631.6
1216.5 631.6
1216.9 631.6
1216.9 631.6
1216.4 631.6
1216.9 631.6
1216.9 631.6
1216.9 631.6
1216.8 631.6
1216.9 631.6
1216.7 631.6
1216.9 631.6
1216.7 631.6
1216.9 631.6
1216.5 631.6
1216.7 631.6
1216.9 631.6
1216.7 631.6
1216.7 631.6
1216.7 631.6
1216.9 631.6
1216.9 631.6
1216.9 631.6
1216.9 631.6
1216.9 631.6
1216.9 631.6
1216.8 631.6
1215.3 631.6
1216.9 631.6
1215.3 631.6
1216.4 631.6
1216.9 631.6
1216.9 631.6
1216.9 631.6
1216.9 631.6
1216.9 631.6
1216.9 631.6
1216.9 631.6
1216.9 631.6
1216.8 631.6
1216.9 631.6
1216.9 631.6
1216.8 631.6
1216.9 631.6
1216.9 631.6
1216.9 631.6
1216.6 631.6
1216.9 631.6
1216.9 631.6
1216.6 631.6
1216.9 631.6
1216.9 631.6
1216.9 631.6
1216.9 631.6
1216.9 631.6
1216.9 631.6
1216.9 631.6
1216.6 631.6
1216.8 631.6
1216.6 631.6
1216.8 631.6
1216.9 631.6
1216.9 631.6
1216.6 631.6
1216.8 631.6
1216.9 631.6
1216.8 631.6
1216.6 631.6
1216.3 631.6
1216.8 631.6
1216.8 631.6
1216.8 631.6
1216.7 631.6
1216.8 631.6
1216.8 631.6
1216.7 631.6
1216.8 631.6
1216.5 631.6
1216.5 631.6
1216.7 631.6
1216.5 631.6
1216.7 631.6
1216.7 631.6
1216.7 631.6
1216.6 631.6
1216.8 631.6
1216.7 631.6
1216.7 631.6
1216.8 631.6
1216.8 631.6
1216.6 631.6
1216.8 631.6
1216.5 631.6
1216.7 631.6
1216.8 631.6
1216.8 631.6
1216.7 631.6
1216.7 631.6
1216.7 631.6
1216.7 631.6
1216.8 631.6
1216.7 631.6
1216.5 631.6
1216.7 631.6
1216.8 631.6
1216.7 631.6
1216.8 631.6
1216.8 631.6
1216.7 631.6
1216.7 631.6
1216.5 631.6
1216.7 631.6
1216.7 631.6
1216.8 631.6
1216.5 631.6
1216.7 631.6
1216.7 631.6
1216.5 631.6
1216.7 631.6
1216.7 631.6
1216.5 631.6
1216.2 631.6
1216.7 631.6
1216.4 631.6
1215.1 631.6
1215.2 631.6
1215.2 631.6
1215.2 631.6
1216.5 631.6
1216.5 631.6
1216.7 631.6
1216.7 631.6
1216.7 631.6
1216.7 631.6
1216.5 631.6
1216.6 631.6
1216.7 631.6
1216.7 631.6
1216.6 631.6
1216.6 631.6
1215.1 631.6
1216.7 631.6
1216.6 631.6
1216.6 631.6
1216.6 631.6
1216.7 631.6
1216.6 631.6
1216.6 631.6
1216.6 631.6
1216.6 631.6
1216.7 631.6
1216.6 631.6
1216.6 631.6
1216.7 631.6
1216.4 631.6
1216.5 631.6
1216.6 631.6
1216.6 631.6
1216.6 631.6
1216.6 631.6
1216.6 631.6
1216.6 631.6
1216.3 631.6
1216.3 631.6
1216.6 631.6
1216.6 631.6
1219.1 631.6
1219.1 631.6
1219.2 631.6
1219.2 631.6
1219.2 631.6
1219.2 631.6
1218.9 631.6
1219.2 631.6
1219.1 631.6
1219.1 631.6
1219.1 631.6
1219.2 631.6
1219.1 631.6
1219.1 631.6
1219.1 631.6
1218.9 631.6
1219.1 631.6
1219.1 631.6
1218.9 631.6
1219.1 631.6
1219.2 631.6
1219.2 631.6
1219.1 631.6
1219.2 631.6
1219.1 631.6
1219.1 631.6
1219.1 631.6
1219.1 631.6
1218.9 631.6
1219.1 631.6
1219.1 631.6
1219.1 631.6
1218.9 631.6
1219.1 631.6
1219.1 631.6
1219.1 631.6
1219.1 631.6
1219.1 631.6
1219.1 631.6
1219.1 631.6
1219.1 631.6
1219.1 631.6
1219.1 631.6
1218.5 631.6
1218.9 631.6
1219.1 631.6
1219.1 631.6
1218.9 631.6
1218.9 631.6
1217.5 631.6
1217.5 631.6
1217.5 631.6
1217.5 631.6
1217.5 631.6
1217.5 631.6
1217.5 631.6
1217.5 631.6
1217.4 631.6
1217.5 631.6
1217.4 631.6
1217.4 631.6
1217.5 631.6
1217.4 631.6
1217.4 631.6
1217.4 631.6
1217.5 631.6
1217.4 631.6
1217.4 631.6
1217.4 631.6
1218.5 631.6
1218.9 631.6
1219.0 631.6
1219.0 631.6
1218.9 631.6
1219.0 631.6
1219.0 631.6
1219.0 631.6
1219.0 631.6
1219.0 631.6
1219.0 631.6
1219.0 631.6
1218.9 631.6
1219.0 631.6
1219.0 631.6
1219.0 631.6
1219.0 631.6
1218.8 631.6
1219.0 631.6
1219.0 631.6
1219.0 631.6
1219.0 631.6
1219.1 631.6
1219.0 631.6
1219.0 631.6
1219.0 631.6
1218.8 631.6
1219.0 631.6
1217.4 631.6
1217.4 631.6
1217.4 631.6
1217.4 631.6
1217.4 631.6
1217.4 631.6
1217.4 631.6
1217.4 631.6
1218.9 631.6
1217.4 631.6
1217.4 631.6
1217.4 631.6
1217.4 631.6
1217.4 631.6
1217.4 631.6
1217.4 631.6
1217.4 631.6
1217.4 631.6
1217.4 631.6
1217.4 631.6
1217.4 631.6
1217.4 631.6
1217.4 631.6
1217.4 631.6
1217.4 631.6
1217.4 631.6
1218.9 631.6
1218.7 631.6
1218.6 631.6
1218.9 631.6
1218.9 631.6
1218.9 631.6
1218.7 631.6
1218.9 631.6
1218.9 631.6
1218.7 631.6
1219.0 631.6
1218.9 631.6
1218.9 631.6
1218.9 631.6
1218.9 631.6
1218.9 631.6
1218.9 631.6
1218.9 631.6
1218.9 631.6
1218.9 631.6
1218.9 631.6
1218.9 631.6
1218.9 631.6
1218.9 631.6
1218.9 631.6
1218.9 631.6
1218.9 631.6
1218.9 631.6
1218.9 631.6
1218.9 631.6
1218.9 631.6
1218.9 631.6
1218.9 631.6
1218.8 631.6
1218.9 631.6
1218.8 631.6
1218.8 631.6
1218.8 631.6
1218.7 631.6
1218.8 631.6
1218.8 631.6
1218.8 631.6
1218.6 631.6
1218.8 631.6
1218.8 631.6
1218.8 631.6
1218.8 631.6
1218.8 631.6
1218.9 631.6
1218.9 631.6
1218.8 631.6
1218.8 631.6
1218.8 631.6
1218.6 631.6
1218.9 631.6
1218.8 631.6
1218.9 631.6
1218.8 631.6
1218.8 631.6
1218.8 631.6
1218.9 631.6
1218.8 631.6
1218.8 631.6
1218.8 631.6
1218.8 631.6
1218.8 631.6
1218.8 631.6
1218.8 631.6
1218.8 631.6
1218.8 631.6
1218.3 631.6
1218.8 631.6
1218.8 631.6
1218.7 631.6
1218.8 631.6
1218.8 631.6
1218.6 631.6
1218.8 631.6
1218.8 631.6
1218.7 631.6
1218.8 631.6
1218.5 631.6
1218.5 631.6
1217.2 631.6
1217.2 631.6
1217.2 631.6
1217.2 631.6
1217.2 631.6
1217.2 631.6
1217.2 631.6
1218.5 631.6
1218.3 631.6
1218.7 631.6
1218.7 631.6
1218.7 631.6
1218.7 631.6
1218.7 631.6
1218.7 631.6
1218.8 631.6
1218.8 631.6
1218.7 631.6
1218.2 631.6
1218.7 631.6
1218.6 631.6
1217.2 631.6
1217.2 631.6
1217.2 631.6
1217.2 631.6
1217.1 631.6
1217.2 631.6
1217.2 631.6
1217.1 631.6
1216.9 631.6
1216.9 631.6
1216.9 631.6
1216.9 631.6
1216.9 631.6
1216.9 631.6
1216.9 631.6
1216.9 631.6
1216.9 631.6
1216.9 631.6
1216.9 631.6
1216.9 631.6
1216.9 631.6
1216.9 631.6
1216.9 631.6
1216.9 631.6
1216.9 631.6
1216.9 631.6
1216.9 631.6
1216.9 631.6
1216.9 631.6
1216.9 631.6
1216.9 631.6
1216.9 631.6
1216.9 631.6
1216.9 631.6
1216.9 631.6
1216.9 631.6
1216.9 631.6
1216.9 631.6
1216.9 631.6
1216.9 631.6
1218.4 631.6
1218.4 631.6
1218.4 631.6
1218.4 631.6
1217.9 631.6
1218.4 631.6
1218.4 631.6
1218.3 631.6
1218.4 631.6
1218.4 631.6
1218.4 631.6
1218.1 631.6
1218.4 631.6
1218.4 631.6
1218.1 631.6
1218.4 631.6
1218.4 631.6
1218.3 631.6
1218.3 631.6
1218.3 631.6
1218.4 631.6
1218.4 631.6
1218.4 631.6
1218.4 631.6
1218.4 631.6
1218.4 631.6
1218.4 631.6
1218.1 631.6
1218.2 631.6
1218.3 631.6
1218.2 631.6
1218.3 631.6
1217.8 631.6
1218.4 631.6
1218.4 631.6
1218.3 631.6
1218.4 631.6
1218.4 631.6
1218.2 631.6
1218.4 631.6
1218.3 631.6
1215.5 631.6
1215.7 631.6
1215.7 631.6
1215.5 631.6
1215.4 631.6
1215.7 631.6
1215.7 631.6
1215.7 631.6
1215.7 631.6
1215.7 631.6
1215.7 631.6
1215.3 631.6
1215.4 631.6
1215.5 631.6
1215.5 631.6
1218.3 631.6
1218.3 631.6
1218.3 631.6
1218.3 631.6
1218.3 631.6
1218.3 631.6
1218.3 631.6
1218.3 631.6
1218.3 631.6
1218.3 631.6
1218.3 631.6
1218.2 631.6
1218.2 631.6
1218.2 631.6
1218.3 631.6
1218.0 631.6
1218.2 631.6
1218.3 631.6
1218.3 631.6
1218.2 631.6
1218.3 631.6
1218.3 631.6
1218.3 631.6
1218.3 631.6
1218.1 631.6
1218.3 631.6
1218.3 631.6
1217.8 631.6
1218.1 631.6
1218.3 631.6
1218.3 631.6
1218.2 631.6
1218.2 631.6
1218.1 631.6
1218.2 631.6
1218.3 631.6
1218.0 631.6
1218.3 631.6
1216.2 631.6
1216.2 631.6
1216.2 631.6
1215.9 631.6
1216.1 631.6
1216.2 631.6
1216.1 631.6
1216.1 631.6
1216.1 631.6
1215.9 631.6
1215.6 631.6
1216.2 631.6
1216.2 631.6
1216.2 631.6
1215.9 631.6
1216.2 631.6
1216.1 631.6
1216.1 631.6
1216.1 631.6
1216.1 631.6
1215.8 631.6
1216.1 631.6
1216.1 631.6
1216.1 631.6
1216.1 631.6
1216.1 631.6
1216.1 631.6
1216.1 631.6
1216.1 631.6
1216.1 631.6
1216.0 631.6
1214.6 631.6
1214.6 631.6
1214.6 631.6
1214.5 631.6
1214.5 631.6
1214.5 631.6
1214.5 631.6
1214.5 631.6
1214.5 631.6
1214.5 631.6
1214.5 631.6
1214.5 631.6
1214.5 631.6
1214.5 631.6
1214.5 631.6
1214.5 631.6
1214.5 631.6
1214.5 631.6
1214.5 631.6
1214.5 631.6
1214.5 631.6
1214.5 631.6
1214.5 631.6
1214.5 631.6
1216.0 631.6
1216.0 631.6
1216.0 631.6
1216.1 631.6
1215.8 631.6
1216.0 631.6
1215.8 631.6
1215.9 631.6
1216.1 631.6
1216.0 631.6
1215.8 631.6
1215.8 631.6
1216.0 631.6
1216.0 631.6
1215.9 631.6
1216.0 631.6
1216.0 631.6
1216.1 631.6
1216.0 631.6
1216.0 631.6
1216.1 631.6
1216.0 631.6
1216.1 631.6
1216.0 631.6
1216.0 631.6
1215.9 631.6
1216.0 631.6
1216.0 631.6
1216.0 631.6
1216.0 631.6
1216.0 631.6
1215.9 631.6
1216.0 631.6
1215.8 631.6
1216.0 631.6
1215.8 631.6
1216.0 631.6
1216.0 631.6
1215.9 631.6
1215.5 631.6
1215.7 631.6
1216.0 631.6
1215.8 631.6
1215.9 631.6
1214.4 631.6
1214.4 631.6
1214.5 631.6
1214.4 631.6
1214.4 631.6
1214.4 631.6
1216.0 631.6
1215.9 631.6
1214.4 631.6
1214.4 631.6
1214.4 631.6
1214.4 631.6
1214.3 631.6
1214.4 631.6
1214.3 631.6
1214.4 631.6
1214.4 631.6
1214.3 631.6
1214.4 631.6
1214.4 631.6
1214.3 631.6
1215.9 631.6
1215.9 631.6
1215.9 631.6
1215.9 631.6
1215.9 631.6
1215.9 631.6
1215.9 631.6
1215.9 631.6
1215.9 631.6
1215.9 631.6
1215.6 631.6
1215.9 631.6
1215.9 631.6
1215.6 631.6
1215.8 631.6
1215.8 631.6
1214.3 631.6
1215.8 631.6
1214.3 631.6
1214.3 631.6
1214.3 631.6
1214.3 631.6
1214.2 631.6
1214.2 631.6
1214.2 631.6
1214.2 631.6
1214.2 631.6
1214.2 631.6
1215.7 631.6
1215.8 631.6
1215.8 631.6
1215.8 631.6
1215.9 631.6
1215.8 631.6
1215.8 631.6
1215.6 631.6
1215.3 631.6
1215.6 631.6
1215.8 631.6
1215.9 631.6
1215.9 631.6
1215.8 631.6
1215.8 631.6
1215.8 631.6
1215.6 631.6
1215.8 631.6
1215.5 631.6
1215.7 631.6
1215.8 631.6
1215.6 631.6
1215.8 631.6
1215.8 631.6
1215.8 631.6
1215.8 631.6
1215.8 631.6
1215.7 631.6
1215.8 631.6
1215.8 631.6
1215.7 631.6
1215.7 631.6
1215.8 631.6
1215.8 631.6
1215.8 631.6
1215.8 631.6
1215.8 631.6
1215.6 631.6
1215.7 631.6
1215.7 631.6
1215.8 631.6
1215.7 631.6
1215.8 631.6
1215.6 631.6
1215.7 631.6
1215.5 631.6
1215.7 631.6
1215.7 631.6
1214.2 631.6
1214.1 631.6
1215.7 631.6
1215.7 631.6
1215.7 631.6
1215.7 631.6
1215.8 631.6
1215.7 631.6
1215.7 631.6
1215.7 631.6
1215.7 631.6
1215.7 631.6
1215.8 631.6
1215.7 631.6
1215.2 631.6
1215.7 631.6
1215.7 631.6
1215.7 631.6
1215.7 631.6
1215.7 631.6
1215.7 631.6
1215.7 631.6
1215.7 631.6
1215.7 631.6
1215.7 631.6
1215.6 631.6
1215.5 631.6
1215.4 631.6
1214.1 631.6
1214.1 631.6
1214.0 631.6
1215.5 631.6
1215.6 631.6
1215.1 631.6
1215.6 631.6
1215.4 631.6
1215.4 631.6
1215.7 631.6
1215.5 631.6
1215.6 631.6
1215.7 631.6
1215.6 631.6
1215.7 631.6
1215.7 631.6
1215.6 631.6
1215.7 631.6
1215.7 631.6
1215.6 631.6
1215.4 631.6
1215.7 631.6
1215.6 631.6
1215.6 631.6
1215.6 631.6
1215.6 631.6
1215.6 631.6
1215.6 631.6
1215.7 631.6
1215.7 631.6
1215.6 631.6
1215.6 631.6
1214.0 631.6
1214.0 631.6
1214.1 631.6
1214.0 631.6
1214.0 631.6
1214.0 631.6
1214.0 631.6
1214.1 631.6
1215.6 631.6
1215.6 631.6
1215.6 631.6
1215.1 631.6
1214.0 631.6
1214.0 631.6
1214.0 631.6
1214.0 631.6
1215.6 631.6
1215.6 631.6
1215.1 631.6
1214.0 631.6
1214.0 631.6
1214.0 631.6
1214.0 631.6
1215.3 631.6
1214.0 631.6
1214.0 631.6
1214.0 631.6
1214.0 631.6
1215.6 631.6
1215.6 631.6
1215.5 631.6
1215.6 631.6
1215.6 631.6
1215.3 631.6
1215.6 631.6
1215.6 631.6
1215.5 631.6
1215.5 631.6
1215.6 631.6
1215.5 631.6
1215.6 631.6
1215.5 631.6
1215.5 631.6
1215.5 631.6
1215.5 631.6
1215.5 631.6
1215.5 631.6
1215.5 631.6
1215.4 631.6
1215.3 631.6
1215.4 631.6
1215.4 631.6
1215.5 631.6
1215.5 631.6
1215.4 631.6
1214.9 631.6
1215.5 631.6
1215.5 631.6
1215.4 631.6
1215.4 631.6
1215.4 631.6
1215.4 631.6
1215.5 631.6
1215.2 631.6
1214.9 631.6
1215.5 631.6
1214.9 631.6
1215.5 631.6
1215.3 631.6
1215.3 631.6
1215.2 631.6
1215.5 631.6
1215.5 631.6
1215.5 631.6
1215.5 631.6
1215.5 631.6
1215.5 631.6
1215.5 631.6
1215.5 631.6
1215.4 631.6
1215.5 631.6
1215.5 631.6
1215.5 631.6
1215.5 631.6
1215.5 631.6
1215.4 631.6
1215.4 631.6
1215.2 631.6
1215.4 631.6
1215.5 631.6
1215.4 631.6
1215.5 631.6
1215.4 631.6
1215.2 631.6
1215.4 631.6
1215.4 631.6
1215.2 631.6
1215.2 631.6
1215.2 631.6
1215.5 631.6
1215.4 631.6
1213.9 631.6
1213.9 631.6
1213.9 631.6
1213.9 631.6
1213.9 631.6
1213.9 631.6
1213.9 631.6
1213.9 631.6
1213.9 631.6
1213.9 631.6
1213.9 631.6
1213.9 631.6
1213.9 631.6
1213.9 631.6
1213.9 631.6
1213.8 631.6
1213.9 631.6
1213.9 631.6
1213.9 631.6
1215.4 631.6
1214.9 631.6
1215.4 631.6
1215.4 631.6
1215.4 631.6
1215.4 631.6
1215.4 631.6
1215.4 631.6
1215.4 631.6
1215.4 631.6
1215.3 631.6
1215.3 631.6
1215.3 631.6
1215.3 631.6
1215.3 631.6
1215.3 631.6
1215.3 631.6
1215.2 631.6
1213.8 631.6
1213.8 631.6
1213.8 631.6
1215.1 631.6
1215.3 631.6
1215.1 631.6
1215.3 631.6
1215.3 631.6
1215.3 631.6
1215.4 631.6
1215.4 631.6
1215.4 631.6
1215.3 631.6
1215.1 631.6
1215.3 631.6
1215.3 631.6
1214.8 631.6
1215.1 631.6
1213.8 631.6
1215.3 631.6
1215.3 631.6
1215.3 631.6
1215.3 631.6
1215.3 631.6
1215.3 631.6
1215.3 631.6
1215.3 631.6
1215.1 631.6
1215.3 631.6
1215.3 631.6
1215.3 631.6
1215.3 631.6
1215.3 631.6
1215.3 631.6
1215.3 631.6
1215.1 631.6
1215.2 631.6
1215.2 631.6
1215.3 631.6
1215.3 631.6
1215.3 631.6
1215.3 631.6
1215.3 631.6
1215.3 631.6
1215.3 631.6
1215.3 631.6
1215.3 631.6
1215.3 631.6
1215.3 631.6
1215.3 631.6
1215.2 631.6
1215.2 631.6
1215.3 631.6
1215.3 631.6
1215.3 631.6
1214.8 631.6
1215.2 631.6
1215.3 631.6
1215.0 631.6
1215.3 631.6
1215.3 631.6
1214.7 631.6
1215.3 631.6
1214.7 631.6
1215.2 631.6
1214.8 631.6
1215.2 631.6
1214.7 631.6
1215.0 631.6
1215.2 631.6
1215.2 631.6
1215.0 631.6
1215.0 631.6
1215.2 631.6
1215.0 631.6
1215.2 631.6
1215.2 631.6
1215.0 631.6
1215.0 631.6
1213.6 631.6
1215.0 631.6
1215.1 631.6
1215.2 631.6
1215.1 631.6
1213.6 631.6
1214.9 631.6
1214.9 631.6
1215.1 631.6
1215.1 631.6
1214.9 631.6
1215.1 631.6
1214.9 631.6
1214.9 631.6
1215.2 631.6
1215.0 631.6
1215.0 631.6
1214.9 631.6
1215.2 631.6
1215.1 631.6
1215.1 631.6
1215.2 631.6
1214.6 631.6
1213.6 631.6
1213.6 631.6
1213.6 631.6
1213.6 631.6
1213.6 631.6
1213.6 631.6
1213.6 631.6
1213.6 631.6
1214.9 631.6
1215.1 631.6
1215.1 631.6
1213.6 631.6
1213.6 631.6
1215.1 631.6
1213.6 631.6
1215.1 631.6
1215.1 631.6
1215.1 631.6
1215.1 631.6
1215.1 631.6
1215.1 631.6
1214.9 631.6
1215.1 631.6
1215.1 631.6
1214.9 631.6
1215.1 631.6
1214.6 631.6
1214.9 631.6
1215.1 631.6
1215.0 631.6
1214.8 631.6
1213.5 631.6
1213.5 631.6
1213.6 631.6
1213.5 631.6
1213.5 631.6
1213.5 631.6
1214.9 631.6
1214.9 631.6
1215.0 631.6
1215.1 631.6
1214.9 631.6
1214.8 631.6
1215.0 631.6
1213.5 631.6
1214.9 631.6
1215.0 631.6
1214.8 631.6
1215.0 631.6
1215.0 631.6
1215.1 631.6
1215.0 631.6
1215.0 631.6
1215.1 631.6
1215.0 631.6
1215.0 631.6
1214.9 631.6
1214.8 631.6
1214.5 631.6
1214.7 631.6
1215.0 631.6
1215.0 631.6
1215.0 631.6
1215.0 631.6
1214.8 631.6
1214.7 631.6
1214.9 631.6
1215.0 631.6
1214.8 631.6
1214.9 631.6
1214.9 631.6
1214.9 631.6
1214.9 631.6
1214.9 631.6
1214.9 631.6
1215.0 631.6
1214.9 631.6
1213.5 631.6
1214.8 631.6
1215.0 631.6
1214.5 631.6
1215.0 631.6
1214.9 631.6
1214.7 631.6
1214.9 631.6
1214.9 631.6
1214.7 631.6
1214.9 631.6
1213.4 631.6
1214.9 631.6
1214.7 631.6
1214.9 631.6
1214.9 631.6
1214.9 631.6
1214.8 631.6
1214.6 631.6
1214.9 631.6
1214.9 631.6
1214.9 631.6
1213.4 631.6
1214.9 631.6
1214.9 631.6
1213.3 631.6
1214.9 631.6
1214.7 631.6
1214.8 631.6
1213.3 631.6
1213.4 631.6
1213.3 631.6
1213.4 631.6
1213.3 631.6
1213.3 631.6
1213.3 631.6
1213.3 631.6
1214.9 631.6
1214.6 631.6
1214.9 631.6
1214.9 631.6
1214.7 631.6
1214.3 631.6
1214.6 631.6
1214.9 631.6
1214.9 631.6
1214.9 631.6
1214.7 631.6
1214.9 631.6
1214.8 631.6
1213.3 631.6
1213.3 631.6
1213.3 631.6
1213.3 631.6
1214.8 631.6
1206.6 631.8
1206.4 631.8
1206.6 631.8
1206.4 631.8
1206.6 631.8
1206.6 631.8
1206.6 631.8
1206.6 631.8
1206.6 631.8
1206.6 631.8
1206.6 631.8
1206.6 631.8
1206.4 631.8
1206.6 631.8
1206.4 631.8
1206.4 631.8
1206.6 631.8
1206.6 631.8
1206.3 631.8
1206.5 631.8
1206.5 631.8
1206.5 631.8
1206.6 631.8
1206.5 631.8
1206.5 631.8
1206.0 631.8
1206.1 631.8
1206.6 631.8
1206.0 631.8
1206.4 631.8
1206.6 631.8
1206.4 631.8
1206.5 631.8
1206.6 631.8
1206.6 631.8
1206.5 631.8
1206.5 631.8
1206.5 631.8
1206.5 631.8
1206.3 631.8
1206.5 631.8
1206.6 631.8
1206.5 631.8
1206.5 631.8
1206.5 631.8
1206.3 631.8
1206.3 631.8
1206.4 631.8
1206.5 631.8
1206.3 631.8
1206.5 631.8
1206.0 631.8
1206.5 631.8
1206.5 631.8
1206.3 631.8
1206.3 631.8
1206.5 631.8
1206.6 631.8
1206.5 631.8
1206.3 631.8
1206.5 631.8
1206.5 631.8
1206.5 631.8
1206.5 631.8
1206.5 631.8
1206.2 631.8
1206.4 631.8
1204.9 631.8
1204.9 631.8
1204.9 631.8
1206.5 631.8
1206.5 631.8
1206.5 631.8
1206.4 631.8
1206.5 631.8
1206.2 631.8
1206.3 631.8
1206.5 631.8
1206.3 631.8
1204.8 631.8
1206.1 631.8
1206.3 631.8
1206.3 631.8
1206.2 631.8
1206.3 631.8
1206.1 631.8
1205.8 631.8
1206.4 631.8
1206.3 631.8
1206.3 631.8
1206.1 631.8
1206.4 631.8
1206.3 631.8
1206.1 631.8
1206.1 631.8
1206.1 631.8
1206.3 631.8
1206.3 631.8
1206.3 631.8
1206.3 631.8
1206.3 631.8
1206.3 631.8
1206.1 631.8
1206.3 631.8
1206.3 631.8
1206.1 631.8
1206.3 631.8
1205.9 631.8
1206.2 631.8
1206.1 631.8
1206.3 631.8
1206.3 631.8
1206.3 631.8
1206.3 631.8
1206.3 631.8
1206.3 631.8
1206.3 631.8
1206.3 631.8
1206.1 631.8
1206.3 631.8
1206.0 631.8
1206.3 631.8
1205.8 631.8
1204.7 631.8
1206.1 631.8
1206.2 631.8
1206.3 631.8
1206.3 631.8
1206.3 631.8
1206.3 631.8
1206.2 631.8
1206.3 631.8
1206.3 631.8
1206.3 631.8
1206.2 631.8
1206.3 631.8
1205.9 631.8
1206.3 631.8
1206.2 631.8
1206.2 631.8
1206.0 631.8
1206.2 631.8
1206.3 631.8
1206.2 631.8
1206.3 631.8
1206.2 631.8
1206.2 631.8
1206.2 631.8
1205.9 631.8
1206.3 631.8
1206.3 631.8
1206.0 631.8
1206.2 631.8
1206.2 631.8
1204.7 631.8
1204.7 631.8
1204.6 631.8
1204.6 631.8
1204.7 631.8
1206.2 631.8
1206.0 631.8
1206.0 631.8
1206.2 631.8
1206.0 631.8
1206.0 631.8
1206.2 631.8
1206.2 631.8
1205.7 631.8
1206.0 631.8
1206.0 631.8
1206.2 631.8
1206.2 631.8
1205.7 631.8
1206.2 631.8
1206.2 631.8
1206.2 631.8
1205.9 631.8
1206.2 631.8
1206.2 631.8
1206.2 631.8
1204.5 631.8
1205.9 631.8
1204.5 631.8
1204.6 631.8
1204.6 631.8
1204.6 631.8
1204.5 631.8
1206.1 631.8
1206.1 631.8
1205.9 631.8
1206.2 631.8
1205.9 631.8
1206.1 631.8
1205.7 631.8
1205.9 631.8
1206.2 631.8
1206.2 631.8
1205.9 631.8
1205.9 631.8
1206.2 631.8
1206.2 631.8
1206.1 631.8
1206.1 631.8
1206.2 631.8
1206.1 631.8
1206.1 631.8
1206.1 631.8
1206.1 631.8
1206.1 631.8
1206.1 631.8
1206.1 631.8
1206.1 631.8
1206.1 631.8
1206.1 631.8
1206.1 631.8
1206.1 631.8
1206.0 631.8
1206.1 631.8
1206.1 631.8
1206.1 631.8
1206.1 631.8
1206.1 631.8
1205.9 631.8
1206.1 631.8
1206.1 631.8
1206.1 631.8
1206.1 631.8
1206.1 631.8
1205.9 631.8
1206.0 631.8
1206.1 631.8
1206.1 631.8
1206.1 631.8
1206.1 631.8
1206.1 631.8
1206.1 631.8
1206.1 631.8
1206.1 631.8
1206.1 631.8
1206.0 631.8
1206.1 631.8
1206.1 631.8
1206.1 631.8
1205.8 631.8
1206.0 631.8
1206.1 631.8
1205.8 631.8
1206.0 631.8
1206.0 631.8
1206.0 631.8
1205.8 631.8
1206.0 631.8
1205.8 631.8
1206.1 631.8
1206.0 631.8
1206.0 631.8
1206.0 631.8
1205.9 631.8
1205.7 631.8
1205.9 631.8
1205.8 631.8
1205.7 631.8
1205.4 631.8
1205.8 631.8
1206.0 631.8
1206.0 631.8
1205.9 631.8
1205.9 631.8
1205.9 631.8
1205.9 631.8
1205.9 631.8
1205.9 631.8
1205.4 631.8
1205.9 631.8
1205.9 631.8
1205.9 631.8
1205.9 631.8
1206.0 631.8
1205.7 631.8
1205.9 631.8
1205.9 631.8
1204.4 631.8
1204.4 631.8
1204.4 631.8
1204.4 631.8
1204.4 631.8
1204.4 631.8
1204.4 631.8
1204.4 631.8
1204.4 631.8
1205.9 631.8
1205.9 631.8
1205.9 631.8
1205.9 631.8
1205.9 631.8
1205.9 631.8
1205.9 631.8
1205.7 631.8
1205.9 631.8
1205.9 631.8
1206.0 631.8
1205.9 631.8
1205.9 631.8
1206.0 631.8
1205.9 631.8
1205.9 631.8
1205.9 631.8
1205.9 631.8
1205.7 631.8
1205.9 631.8
1205.7 631.8
1205.8 631.8
1205.7 631.8
1208.0 631.8
1208.0 631.8
1208.0 631.8
1208.0 631.8
1208.0 631.8
1207.9 631.8
1207.9 631.8
1207.8 631.8
1207.4 631.8
1207.7 631.8
1207.8 631.8
1207.7 631.8
1208.0 631.8
1208.0 631.8
1208.0 631.8
1208.0 631.8
1207.8 631.8
1207.9 631.8
1207.9 631.8
1208.0 631.8
1207.7 631.8
1207.9 631.8
1207.9 631.8
1208.0 631.8
1208.0 631.8
1207.9 631.8
1207.9 631.8
1207.9 631.8
1207.4 631.8
1207.8 631.8
1206.3 631.8
1207.4 631.8
1207.9 631.8
1207.7 631.8
1207.9 631.8
1207.6 631.8
1207.9 631.8
1207.8 631.8
1207.8 631.8
1207.8 631.8
1206.3 631.8
1206.3 631.8
1206.3 631.8
1206.3 631.8
1206.3 631.8
1206.3 631.8
1206.3 631.8
1206.3 631.8
1206.3 631.8
1206.3 631.8
1206.3 631.8
1206.4 631.8
1206.4 631.8
1206.4 631.8
1206.3 631.8
1206.3 631.8
1206.3 631.8
1206.3 631.8
1206.3 631.8
1206.3 631.8
1206.3 631.8
1206.3 631.8
1206.3 631.8
1206.3 631.8
1206.3 631.8
1206.3 631.8
1206.3 631.8
1206.3 631.8
1206.3 631.8
1207.8 631.8
1207.8 631.8
1207.8 631.8
1207.7 631.8
1207.8 631.8
1207.8 631.8
1207.9 631.8
1207.8 631.8
1207.8 631.8
1207.8 631.8
1207.8 631.8
1207.8 631.8
1207.8 631.8
1207.6 631.8
1207.6 631.8
1207.8 631.8
1207.9 631.8
1207.7 631.8
1207.8 631.8
1207.8 631.8
1207.8 631.8
1207.8 631.8
1207.8 631.8
1207.8 631.8
1207.8 631.8
1207.5 631.8
1207.8 631.8
1207.8 631.8
1207.8 631.8
1207.8 631.8
1207.8 631.8
1207.8 631.8
1207.8 631.8
1207.8 631.8
1207.8 631.8
1207.8 631.8
1207.6 631.8
1207.8 631.8
1207.5 631.8
1207.7 631.8
1207.2 631.8
1206.2 631.8
1207.7 631.8
1207.7 631.8
1207.8 631.8
1207.7 631.8
1207.7 631.8
1207.7 631.8
1207.7 631.8
1207.7 631.8
1207.7 631.8
1207.5 631.8
1207.6 631.8
1207.7 631.8
1207.7 631.8
1207.7 631.8
1207.6 631.8
1207.7 631.8
1207.5 631.8
1207.5 631.8
1207.6 631.8
1207.6 631.8
1207.5 631.8
1207.7 631.8
1207.8 631.8
1207.7 631.8
1207.5 631.8
1207.7 631.8
1207.5 631.8
1207.5 631.8
1207.6 631.8
1206.1 631.8
1207.6 631.8
1206.1 631.8
1206.1 631.8
1207.5 631.8
1207.6 631.8
1207.6 631.8
1207.1 631.8
1207.6 631.8
1207.7 631.8
1207.6 631.8
1207.6 631.8
1207.6 631.8
1207.7 631.8
1207.7 631.8
1207.6 631.8
1207.6 631.8
1207.7 631.8
1207.6 631.8
1207.6 631.8
1207.6 631.8
1207.6 631.8
1207.6 631.8
1207.7 631.8
1207.7 631.8
1207.7 631.8
1207.6 631.8
1207.6 631.8
1207.6 631.8
1207.6 631.8
1207.6 631.8
1207.6 631.8
1207.6 631.8
1207.6 631.8
1207.6 631.8
1207.6 631.8
1207.6 631.8
1207.6 631.8
1207.6 631.8
1207.6 631.8
1207.5 631.8
1207.5 631.8
1206.0 631.8
1206.0 631.8
1206.0 631.8
1205.9 631.8
1206.0 631.8
1206.0 631.8
1206.0 631.8
1207.5 631.8
1207.4 631.8
1207.3 631.8
1207.5 631.8
1207.5 631.8
1207.3 631.8
1207.5 631.8
1207.0 631.8
1207.5 631.8
1207.6 631.8
1207.6 631.8
1207.5 631.8
1207.5 631.8
1207.3 631.8
1207.5 631.8
1205.9 631.8
1205.9 631.8
1205.9 631.8
1205.9 631.8
1205.9 631.8
1205.9 631.8
1205.9 631.8
1205.9 631.8
1205.9 631.8
1207.2 631.8
1207.4 631.8
1205.9 631.8
1207.4 631.8
1207.2 631.8
1207.4 631.8
1207.4 631.8
1207.4 631.8
1207.4 631.8
1207.3 631.8
1207.4 631.8
1207.2 631.8
1207.4 631.8
1207.0 631.8
1207.4 631.8
1207.5 631.8
1207.4 631.8
1207.0 631.8
1207.4 631.8
1207.4 631.8
1205.9 631.8
1207.4 631.8
1207.2 631.8
1207.4 631.8
1207.4 631.8
1207.4 631.8
1207.5 631.8
1207.4 631.8
1207.2 631.8
1207.4 631.8
1207.4 631.8
1207.4 631.8
1205.9 631.8
1207.4 631.8
1207.4 631.8
1207.4 631.8
1207.4 631.8
1207.4 631.8
1205.8 631.8
1207.2 631.8
1205.8 631.8
1207.4 631.8
1207.2 631.8
1207.4 631.8
1207.4 631.8
1207.4 631.8
1207.3 631.8
1205.8 631.8
1207.4 631.8
1207.4 631.8
1207.4 631.8
1207.4 631.8
1205.8 631.8
1205.8 631.8
1205.8 631.8
1207.3 631.8
1205.8 631.8
1207.4 631.8
1205.8 631.8
1207.3 631.8
1207.2 631.8
1207.3 631.8
1207.3 631.8
1205.8 631.8
1207.3 631.8
1205.8 631.8
1207.4 631.8
1207.3 631.8
1207.3 631.8
1207.3 631.8
1207.1 631.8
1207.3 631.8
1207.2 631.8
1207.3 631.8
1207.3 631.8
1207.3 631.8
1207.1 631.8
1207.3 631.8
1207.3 631.8
1207.1 631.8
1207.3 631.8
1207.3 631.8
1207.3 631.8
1207.1 631.8
1207.2 631.8
1205.7 631.8
1205.8 631.8
1207.2 631.8
1207.3 631.8
1207.3 631.8
1206.7 631.8
1207.3 631.8
1207.0 631.8
1207.3 631.8
1207.3 631.8
1207.2 631.8
1207.2 631.8
1207.3 631.8
1207.2 631.8
1205.7 631.8
1207.3 631.8
1205.7 631.8
1207.2 631.8
1207.3 631.8
1207.2 631.8
1207.2 631.8
1207.2 631.8
1207.2 631.8
1207.2 631.8
1205.7 631.8
1205.7 631.8
1207.2 631.8
1205.7 631.8
1207.0 631.8
1207.2 631.8
1207.2 631.8
1207.3 631.8
1207.2 631.8
1205.7 631.8
1207.2 631.8
1207.3 631.8
1207.2 631.8
1207.0 631.8
1207.3 631.8
1207.0 631.8
1207.0 631.8
1207.0 631.8
1207.1 631.8
1207.2 631.8
1207.2 631.8
1207.2 631.8
1207.2 631.8
1207.2 631.8
1207.1 631.8
1207.2 631.8
1207.2 631.8
1207.0 631.8
1207.1 631.8
1207.2 631.8
1207.1 631.8
1205.6 631.8
1207.2 631.8
1206.9 631.8
1207.2 631.8
1206.7 631.8
1207.2 631.8
1206.7 631.8
1207.0 631.8
1207.0 631.8
1206.7 631.8
1207.1 631.8
1205.6 631.8
1207.0 631.8
1206.9 631.8
1207.1 631.8
1207.1 631.8
1206.9 631.8
1207.1 631.8
1206.6 631.8
1206.9 631.8
1207.1 631.8
1206.9 631.8
1207.1 631.8
1207.1 631.8
1206.9 631.8
1207.1 631.8
1207.1 631.8
1207.1 631.8
1207.2 631.8
1207.2 631.8
1207.2 631.8
1206.9 631.8
1206.9 631.8
1207.0 631.8
1207.0 631.8
1207.1 631.8
1205.6 631.8
1206.6 631.8
1207.2 631.8
1207.0 631.8
1206.9 631.8
1206.9 631.8
1207.1 631.8
1206.9 631.8
1205.5 631.8
1205.6 631.8
1205.6 631.8
1205.5 631.8
1205.6 631.8
1205.5 631.8
1205.5 631.8
1205.5 631.8
1205.5 631.8
1205.5 631.8
1205.5 631.8
1205.5 631.8
1205.5 631.8
1207.1 631.8
1207.0 631.8
1207.0 631.8
1207.0 631.8
1207.0 631.8
1206.9 631.8
1207.1 631.8
1207.1 631.8
1207.1 631.8
1207.1 631.8
1207.1 631.8
1207.1 631.8
1207.1 631.8
1207.1 631.8
1207.1 631.8
1207.1 631.8
1207.0 631.8
1207.0 631.8
1207.0 631.8
1207.1 631.8
1207.1 631.8
1207.1 631.8
1207.1 631.8
1207.1 631.8
1207.1 631.8
1207.1 631.8
1207.1 631.8
1207.1 631.8
1207.1 631.8
1207.0 631.8
1207.1 631.8
1207.0 631.8
1207.1 631.8
1207.1 631.8
1207.1 631.8
1207.0 631.8
1207.1 631.8
1207.0 631.8
1207.0 631.8
1207.0 631.8
1207.0 631.8
1207.0 631.8
1207.0 631.8
1207.0 631.8
1207.0 631.8
1207.0 631.8
1207.0 631.8
1207.0 631.8
1207.0 631.8
1207.0 631.8
1207.0 631.8
1206.9 631.8
1207.0 631.8
1207.0 631.8
1207.0 631.8
1207.0 631.8
1207.0 631.8
1207.0 631.8
1207.0 631.8
1207.0 631.8
1207.0 631.8
1207.0 631.8
1207.0 631.8
1207.0 631.8
1207.0 631.8
1207.0 631.8
1207.0 631.8
1207.0 631.8
1207.0 631.8
1207.0 631.8
1207.0 631.8
1207.0 631.8
1207.0 631.8
1207.0 631.8
1207.0 631.8
1207.0 631.8
1207.0 631.8
1207.0 631.8
1207.0 631.8
1206.9 631.8
1206.9 631.8
1207.0 631.8
1206.9 631.8
1207.0 631.8
1207.0 631.8
1206.9 631.8
1207.0 631.8
1207.0 631.8
1207.0 631.8
1207.0 631.8
1206.9 631.8
1206.9 631.8
1206.9 631.8
1206.9 631.8
1206.9 631.8
1206.9 631.8
1206.9 631.8
1206.9 631.8
1206.9 631.8
1206.9 631.8
1207.0 631.8
1206.9 631.8
1206.9 631.8
1206.9 631.8
1206.9 631.8
1206.9 631.8
1206.9 631.8
1206.9 631.8
1206.9 631.8
1206.9 631.8
1206.9 631.8
1206.9 631.8
1206.9 631.8
1206.9 631.8
1206.9 631.8
1206.9 631.8
1206.9 631.8
1206.9 631.8
1206.9 631.8
1206.9 631.8
1206.9 631.8
1206.9 631.8
1206.9 631.8
1206.8 631.8
1206.8 631.8
1206.6 631.8
1205.2 631.8
1205.3 631.8
1206.7 631.8
1206.8 631.8
1205.2 631.8
1205.2 631.8
1206.8 631.8
1205.2 631.8
1205.2 631.8
1206.7 631.8
1206.5 631.8
1206.8 631.8
1206.7 631.8
1206.5 631.8
1206.6 631.8
1206.8 631.8
1206.7 631.8
1206.8 631.8
1206.8 631.8
1206.8 631.8
1205.7 631.8
1206.7 631.8
1205.2 631.8
1205.2 631.8
1206.5 631.8
1206.5 631.8
1206.7 631.8
1206.6 631.8
1206.7 631.8
1205.2 631.8
1206.3 631.8
1206.8 631.8
1206.7 631.8
1206.7 631.8
1206.7 631.8
1205.2 631.8
1205.2 631.8
1205.2 631.8
1206.7 631.8
1206.8 631.8
1206.2 631.8
1206.8 631.8
1206.8 631.8
1206.2 631.8
1206.7 631.8
1206.7 631.8
1206.7 631.8
1206.8 631.8
1206.8 631.8
1206.8 631.8
1206.5 631.8
1206.5 631.8
1206.7 631.8
1206.7 631.8
1206.8 631.8
1206.8 631.8
1206.8 631.8
1206.5 631.8
1206.7 631.8
1206.7 631.8
1206.7 631.8
1206.8 631.8
1206.7 631.8
1206.8 631.8
1206.1 631.8
1206.7 631.8
1206.7 631.8
1206.8 631.8
1206.7 631.8
1206.2 631.8
1206.5 631.8
1206.7 631.8
1206.7 631.8
1206.1 631.8
1206.7 631.8
1206.7 631.8
1206.7 631.8
1206.7 631.8
1206.5 631.8
1206.6 631.8
1206.6 631.8
1206.6 631.8
1206.6 631.8
1206.4 631.8
1206.6 631.8
1205.1 631.8
1206.6 631.8
1206.4 631.8
1206.6 631.8
1206.4 631.8
1206.4 631.8
1206.3 631.8
1206.6 631.8
1206.6 631.8
1206.6 631.8
1206.6 631.8
1206.4 631.8
1206.6 631.8
1206.4 631.8
1206.6 631.8
1206.4 631.8
1206.6 631.8
1205.1 631.8
1206.6 631.8
1205.1 631.8
1206.6 631.8
1206.4 631.8
1206.6 631.8
1206.6 631.8
1205.1 631.8
1206.6 631.8
1206.6 631.8
1206.4 631.8
1206.4 631.8
1206.6 631.8
1206.1 631.8
1205.0 631.8
1205.1 631.8
1206.5 631.8
1206.6 631.8
1206.6 631.8
1206.4 631.8
1206.4 631.8
1206.6 631.8
1206.5 631.8
1205.0 631.8
1206.6 631.8
1206.6 631.8
1206.6 631.8
1206.4 631.8
1206.6 631.8
1206.6 631.8
1206.4 631.8
1205.0 631.8
1205.0 631.8
1205.0 631.8
1206.4 631.8
1206.1 631.8
1206.5 631.8
1206.5 631.8
1206.4 631.8
1206.6 631.8
1206.5 631.8
1205.0 631.8
1206.5 631.8
1206.5 631.8
1206.3 631.8
1206.5 631.8
1206.6 631.8
1206.6 631.8
1206.3 631.8
1206.5 631.8
1206.2 631.8
1206.5 631.8
1206.5 631.8
1206.4 631.8
1206.5 631.8
1206.3 631.8
1206.4 631.8
1204.9 631.8
1204.9 631.8
1206.3 631.8
1206.4 631.8
1206.3 631.8
1206.3 631.8
1206.5 631.8
1206.3 631.8
1206.4 631.8
1206.4 631.8
1206.4 631.8
1206.0 631.8
1206.2 631.8
1206.2 631.8
1206.4 631.8
1206.2 631.8
1206.4 631.8
1206.4 631.8
1206.5 631.8
1205.9 631.8
1206.4 631.8
1206.5 631.8
1206.5 631.8
1206.5 631.8
1206.5 631.8
1206.4 631.8
1206.4 631.8
1206.5 631.8
1206.5 631.8
1205.9 631.8
1206.4 631.8
1206.3 631.8
1206.4 631.8
1206.4 631.8
1206.3 631.8
1206.4 631.8
1204.9 631.8
1204.9 631.8
1204.9 631.8
1204.9 631.8
1206.4 631.8
1206.4 631.8
1206.4 631.8
1206.4 631.8
1206.2 631.8
1205.9 631.8
1206.4 631.8
1206.4 631.8
1206.4 631.8
1204.8 631.8
1206.4 631.8
1206.1 631.8
1206.4 631.8
1204.8 631.8
1204.9 631.8
1206.2 631.8
1206.2 631.8
1206.3 631.8
1206.4 631.8
1206.3 631.8
1204.8 631.8
1204.8 631.8
1204.8 631.8
1204.8 631.8
1204.8 631.8
1206.3 631.8
1206.3 631.8
1206.4 631.8
1206.4 631.8
1206.2 631.8
1204.8 631.8
1204.8 631.8
1204.8 631.8
1204.8 631.8
1204.8 631.8
1204.8 631.8
1206.1 631.8
1206.4 631.8
1206.4 631.8
1206.3 631.8
1206.3 631.8
1206.0 631.8
1206.4 631.8
1206.4 631.8
1206.3 631.8
1206.4 631.8
1206.3 631.8
1206.4 631.8
1206.3 631.8
1206.3 631.8
1206.3 631.8
1206.4 631.8
1206.3 631.8
1206.3 631.8
1206.3 631.8
1206.3 631.8
1206.3 631.8
1206.3 631.8
1206.2 631.8
1206.3 631.8
1206.3 631.8
1206.3 631.8
1206.2 631.8
1206.3 631.8
1206.3 631.8
1206.4 631.8
1206.3 631.8
1206.3 631.8
1206.3 631.8
1206.3 631.8
1206.4 631.8
1206.3 631.8
1206.3 631.8
1206.3 631.8
1206.3 631.8
1206.3 631.8
1206.3 631.8
1206.3 631.8
1206.3 631.8
1206.3 631.8
1206.3 631.8
1206.3 631.8
1206.3 631.8
1206.3 631.8
1206.3 631.8
1206.3 631.8
1206.3 631.8
1206.2 631.8
1206.2 631.8
1206.3 631.8
1206.2 631.8
1206.2 631.8
1206.2 631.8
1206.2 631.8
1206.2 631.8
1206.0 631.8
1206.2 631.8
1206.3 631.8
1206.3 631.8
1206.2 631.8
1206.3 631.8
1206.2 631.8
1206.2 631.8
1206.2 631.8
1206.2 631.8
1206.2 631.8
1206.2 631.8
1206.2 631.8
1206.2 631.8
1206.2 631.8
1206.2 631.8
1206.2 631.8
1206.2 631.8
1206.2 631.8
1206.2 631.8
1206.2 631.8
1206.2 631.8
1206.2 631.8
1206.2 631.8
1206.2 631.8
1206.2 631.8
1206.2 631.8
1206.2 631.8
1206.2 631.8
1206.2 631.8
1206.2 631.8
1206.2 631.8
1206.2 631.8
1206.2 631.8
1206.2 631.8
1206.1 631.8
1206.1 631.8
1206.1 631.8
1206.1 631.8
1206.1 631.8
1206.1 631.8
1206.1 631.8
1206.1 631.8
1206.1 631.8
1206.1 631.8
1206.1 631.8
1206.1 631.8
1206.1 631.8
1206.1 631.8
1206.1 631.8
1206.1 631.8
1206.1 631.8
1206.1 631.8
1206.1 631.8
1206.1 631.8
1206.1 631.8
1206.1 631.8
1206.1 631.8
1206.1 631.8
1206.1 631.8
1206.1 631.8
1206.1 631.8
1206.1 631.8
1206.1 631.8
1206.1 631.8
1206.1 631.8
1206.1 631.8
1206.1 631.8
1206.1 631.8
1206.1 631.8
1206.1 631.8
1206.1 631.8
1206.1 631.8
1206.1 631.8
1206.1 631.8
1206.1 631.8
1206.1 631.8
1206.1 631.8
1206.1 631.8
1206.1 631.8
1206.1 631.8
1206.1 631.8
1206.1 631.8
1206.1 631.8
1205.8 631.8
1205.5 631.8
1206.1 631.8
1206.1 631.8
1206.1 631.8
1206.1 631.8
1206.1 631.8
1206.1 631.8
1206.1 631.8
1206.1 631.8
1206.1 631.8
1206.1 631.8
1206.0 631.8
1206.1 631.8
1206.0 631.8
1206.1 631.8
1206.1 631.8
1206.1 631.8
1206.1 631.8
1206.1 631.8
1206.0 631.8
1205.8 631.8
1206.1 631.8
1187.1 631.8
1176.5 631.8
1160.5 631.8
1146.9 631.8
1158.1 631.8
1156.9 631.8
1145.4 631.8
1133.5 631.8
1185.9 631.8
1185.9 631.8
1185.9 631.8
1185.9 631.8
1185.9 631.8
1185.9 631.8
1185.9 631.8
1185.9 631.8
1185.8 631.8
1185.9 631.8
1185.9 631.8
1185.9 631.8
1185.9 631.8
1185.9 631.8
1185.8 631.8
1185.8 631.8
1185.9 631.8
1185.8 631.8
1185.9 631.8
1185.8 631.8
1185.8 631.8
1185.8 631.8
1185.8 631.8
1185.8 631.8
1185.8 631.8
1185.8 631.8
1185.8 631.8
1185.9 631.8
1185.9 631.8
1185.8 631.8
1185.9 631.8
1185.9 631.8
1185.9 631.8
1185.8 631.8
1185.8 631.8
1185.8 631.8
1185.8 631.8
1185.8 631.8
1185.8 631.8
1185.8 631.8
1185.8 631.8
1185.6 631.8
1185.8 631.8
1185.6 631.8
1185.3 631.8
1185.6 631.8
1185.3 631.8
1185.8 631.8
1185.7 631.8
1185.7 631.8
1185.8 631.8
1185.7 631.8
1184.2 631.8
1185.4 631.8
1185.6 631.8
1185.7 631.8
1185.6 631.8
1185.5 631.8
1185.6 631.8
1185.5 631.8
1185.8 631.8
1185.3 631.8
1185.5 631.8
1185.5 631.8
1185.6 631.8
1185.7 631.8
1185.8 631.8
1185.6 631.8
1185.8 631.8
1185.6 631.8
1185.8 631.8
1185.7 631.8
1184.2 631.8
1185.8 631.8
1185.7 631.8
1185.8 631.8
1185.7 631.8
1185.2 631.8
1185.7 631.8
1185.6 631.8
1184.1 631.8
1184.1 631.8
1184.2 631.8
1184.1 631.8
1184.1 631.8
1184.1 631.8
1184.1 631.8
1184.1 631.8
1185.7 631.8
1185.7 631.8
1185.1 631.8
1185.7 631.8
1185.5 631.8
1185.7 631.8
1185.7 631.8
1185.6 631.8
1185.6 631.8
1185.4 631.8
1185.0 631.8
1185.6 631.8
1185.6 631.8
1185.6 631.8
1185.6 631.8
1185.4 631.8
1185.4 631.8
1185.4 631.8
1185.6 631.8
1185.4 631.8
1185.6 631.8
1185.4 631.8
1185.5 631.8
1185.1 631.8
1185.4 631.8
1185.1 631.8
1185.6 631.8
1185.7 631.8
1185.6 631.8
1185.6 631.8
1185.4 631.8
1185.6 631.8
1185.6 631.8
1185.4 631.8
1185.4 631.8
1185.6 631.8
1185.6 631.8
1185.4 631.8
1185.4 631.8
1185.6 631.8
1185.4 631.8
1185.6 631.8
1184.1 631.8
1184.0 631.8
1184.0 631.8
1184.1 631.8
1185.4 631.8
1185.6 631.8
1185.1 631.8
1185.6 631.8
1185.6 631.8
1185.6 631.8
1185.6 631.8
1185.4 631.8
1185.5 631.8
1185.4 631.8
1185.5 631.8
1184.1 631.8
1184.0 631.8
1184.0 631.8
1183.9 631.8
1185.5 631.8
1185.1 631.8
1185.5 631.8
1183.9 631.8
1185.4 631.8
1185.0 631.8
1185.5 631.8
1185.0 631.8
1185.5 631.8
1185.5 631.8
1185.5 631.8
1185.3 631.8
1185.5 631.8
1185.3 631.8
1185.5 631.8
1185.5 631.8
1185.3 631.8
1185.5 631.8
1185.3 631.8
1185.3 631.8
1185.3 631.8
1185.5 631.8
1185.4 631.8
1183.9 631.8
1183.9 631.8
1183.9 631.8
1185.4 631.8
1185.4 631.8
1185.3 631.8
1185.3 631.8
1185.4 631.8
1185.2 631.8
1185.3 631.8
1185.3 631.8
1185.3 631.8
1185.3 631.8
1185.4 631.8
1185.2 631.8
1185.4 631.8
1185.3 631.8
1185.5 631.8
1185.4 631.8
1185.5 631.8
1185.5 631.8
1185.5 631.8
1185.5 631.8
1185.5 631.8
1185.5 631.8
1185.5 631.8
1185.5 631.8
1185.5 631.8
1185.5 631.8
1185.5 631.8
1185.5 631.8
1185.5 631.8
1185.5 631.8
1185.5 631.8
1185.5 631.8
1185.5 631.8
1185.5 631.8
1185.5 631.8
1185.5 631.8
1185.4 631.8
1185.5 631.8
1185.5 631.8
1185.4 631.8
1185.4 631.8
1185.5 631.8
1185.5 631.8
1185.4 631.8
1185.4 631.8
1185.4 631.8
1185.4 631.8
1185.4 631.8
1185.4 631.8
1185.4 631.8
1185.5 631.8
1185.4 631.8
1185.4 631.8
1185.4 631.8
1185.4 631.8
1185.4 631.8
1185.4 631.8
1185.4 631.8
1185.4 631.8
1183.8 631.8
1183.8 631.8
1183.8 631.8
1183.8 631.8
1183.8 631.8
1183.8 631.8
1183.8 631.8
1183.8 631.8
1185.1 631.8
1185.3 631.8
1183.8 631.8
1185.3 631.8
1185.3 631.8
1185.3 631.8
1185.3 631.8
1185.4 631.8
1185.4 631.8
1185.4 631.8
1185.4 631.8
1185.3 631.8
1185.4 631.8
1185.4 631.8
1185.4 631.8
1185.4 631.8
1185.3 631.8
1185.4 631.8
1185.3 631.8
1185.3 631.8
1185.4 631.8
1185.3 631.8
1185.2 631.8
1185.3 631.8
1185.3 631.8
1185.3 631.8
1185.3 631.8
1185.3 631.8
1185.3 631.8
1185.3 631.8
1185.3 631.8
1185.3 631.8
1185.3 631.8
1185.3 631.8
1185.3 631.8
1185.3 631.8
1185.4 631.8
1185.3 631.8
1185.3 631.8
1185.3 631.8
1185.3 631.8
1185.4 631.8
1185.3 631.8
1185.4 631.8
1185.3 631.8
1185.3 631.8
1185.3 631.8
1185.3 631.8
1185.3 631.8
1185.3 631.8
1185.3 631.8
1185.3 631.8
1185.3 631.8
1185.3 631.8
1185.3 631.8
1185.3 631.8
1185.3 631.8
1184.9 631.8
1185.2 631.8
1185.3 631.8
1185.3 631.8
1185.1 631.8
1185.3 631.8
1185.3 631.8
1185.2 631.8
1185.3 631.8
1185.2 631.8
1185.3 631.8
1185.3 631.8
1185.3 631.8
1185.3 631.8
1185.3 631.8
1185.2 631.8
1185.3 631.8
1185.2 631.8
1185.3 631.8
1185.2 631.8
1185.3 631.8
1185.3 631.8
1185.2 631.8
1185.2 631.8
1185.3 631.8
1185.2 631.8
1185.2 631.8
1185.3 631.8
1185.2 631.8
1185.2 631.8
1185.3 631.8
1185.2 631.8
1185.2 631.8
1185.3 631.8
1185.2 631.8
1185.2 631.8
1185.2 631.8
1185.2 631.8
1185.2 631.8
1185.2 631.8
1185.2 631.8
1185.2 631.8
1185.2 631.8
1184.9 631.8
1185.2 631.8
1185.2 631.8
1183.5 631.8
1185.0 631.8
1185.1 631.8
1185.2 631.8
1185.2 631.8
1185.1 631.8
1185.2 631.8
1185.1 631.8
1185.2 631.8
1185.2 631.8
1185.1 631.8
1185.1 631.8
1185.2 631.8
1185.2 631.8
1185.2 631.8
1185.2 631.8
1185.1 631.8
1185.1 631.8
1185.1 631.8
1185.2 631.8
1185.2 631.8
1185.2 631.8
1185.1 631.8
1185.2 631.8
1185.1 631.8
1185.2 631.8
1185.2 631.8
1185.1 631.8
1185.2 631.8
1184.9 631.8
1184.6 631.8
1185.1 631.8
1185.1 631.8
1185.2 631.8
1185.1 631.8
1185.1 631.8
1185.1 631.8
1185.1 631.8
1185.1 631.8
1185.1 631.8
1185.2 631.8
1185.1 631.8
1185.1 631.8
1185.2 631.8
1184.8 631.8
1183.5 631.8
1183.5 631.8
1183.5 631.8
1183.5 631.8
1183.5 631.8
1183.5 631.8
1183.5 631.8
1183.5 631.8
1183.5 631.8
1183.5 631.8
1183.5 631.8
1183.5 631.8
1183.5 631.8
1183.5 631.8
1183.5 631.8
1183.5 631.8
1183.5 631.8
1183.5 631.8
1183.5 631.8
1183.5 631.8
1183.5 631.8
1183.5 631.8
1183.5 631.8
1183.5 631.8
1183.5 631.8
1183.5 631.8
1183.4 631.8
1183.5 631.8
1183.5 631.8
1183.5 631.8
1183.4 631.8
1183.4 631.8
1183.5 631.8
1183.5 631.8
1183.4 631.8
1183.4 631.8
1183.4 631.8
1183.4 631.8
1183.4 631.8
1183.4 631.8
1183.4 631.8
1183.4 631.8
1183.4 631.8
1183.4 631.8
1183.4 631.8
1183.4 631.8
1183.4 631.8
1183.4 631.8
1183.4 631.8
1183.4 631.8
1183.4 631.8
1183.4 631.8
1183.4 631.8
1183.4 631.8
1183.4 631.8
1183.4 631.8
1183.3 631.8
1183.4 631.8
1183.4 631.8
1183.3 631.8
1183.4 631.8
1183.4 631.8
1183.4 631.8
1183.4 631.8
1183.4 631.8
1183.4 631.8
1183.4 631.8
1183.4 631.8
1183.4 631.8
1183.4 631.8
1183.3 631.8
1183.4 631.8
1183.4 631.8
1183.4 631.8
1183.3 631.8
1183.4 631.8
1183.4 631.8
1183.4 631.8
1183.3 631.8
1183.4 631.8
1183.4 631.8
1183.4 631.8
1183.4 631.8
1183.4 631.8
1183.4 631.8
1183.3 631.8
1183.4 631.8
1183.4 631.8
1183.4 631.8
1183.4 631.8
1183.3 631.8
1183.4 631.8
1183.4 631.8
1183.3 631.8
1183.3 631.8
1183.3 631.8
1183.3 631.8
1183.4 631.8
1183.3 631.8
1183.3 631.8
1183.3 631.8
1183.3 631.8
1183.4 631.8
1183.3 631.8
1183.3 631.8
1183.3 631.8
1183.3 631.8
1183.3 631.8
1183.3 631.8
1183.3 631.8
1183.2 631.8
1183.3 631.8
1183.3 631.8
1183.3 631.8
1183.3 631.8
1183.3 631.8
1183.2 631.8
1183.3 631.8
1183.2 631.8
1183.3 631.8
1183.2 631.8
1183.2 631.8
1183.3 631.8
1183.2 631.8
1183.2 631.8
1183.2 631.8
1183.2 631.8
1183.2 631.8
1183.2 631.8
1183.2 631.8
1183.2 631.8
1183.2 631.8
1183.2 631.8
1183.2 631.8
1183.2 631.8
1183.2 631.8
1183.2 631.8
1183.2 631.8
1183.2 631.8
1183.2 631.8
1183.2 631.8
1183.2 631.8
1183.2 631.8
1183.2 631.8
1183.2 631.8
1183.2 631.8
1183.2 631.8
1183.2 631.8
1183.2 631.8
1183.2 631.8
1183.2 631.8
1183.2 631.8
1183.2 631.8
1183.2 631.8
1183.2 631.8
1183.2 631.8
1183.2 631.8
1183.2 631.8
1183.2 631.8
1183.2 631.8
1183.2 631.8
1183.2 631.8
1183.2 631.8
1183.2 631.8
1183.2 631.8
1183.2 631.8
1183.2 631.8
1183.2 631.8
1183.2 631.8
1183.1 631.8
1183.1 631.8
1183.2 631.8
1183.2 631.8
1183.2 631.8
1183.2 631.8
1183.1 631.8
1183.2 631.8
1183.2 631.8
1183.2 631.8
1183.1 631.8
1183.1 631.8
1183.1 631.8
1183.1 631.8
1183.2 631.8
1183.1 631.8
1183.1 631.8
1183.1 631.8
1183.1 631.8
1183.1 631.8
1183.1 631.8
1183.2 631.8
1183.1 631.8
1183.1 631.8
1183.1 631.8
1183.1 631.8
1183.1 631.8
1183.1 631.8
1183.1 631.8
1183.1 631.8
1183.1 631.8
1183.1 631.8
1183.1 631.8
1183.1 631.8
1183.1 631.8
1183.1 631.8
1183.1 631.8
1183.1 631.8
1183.1 631.8
1183.1 631.8
1183.1 631.8
1183.1 631.8
1183.1 631.8
1183.1 631.8
1183.0 631.8
1183.1 631.8
1183.1 631.8
1183.0 631.8
1183.0 631.8
1183.0 631.8
1183.1 631.8
1183.0 631.8
1183.0 631.8
1183.1 631.8
1183.0 631.8
1183.1 631.8
1183.0 631.8
1183.0 631.8
1183.0 631.8
1183.0 631.8
1183.0 631.8
1183.0 631.8
1183.0 631.8
1183.0 631.8
1183.0 631.8
1183.0 631.8
1183.0 631.8
1183.0 631.8
1183.0 631.8
1183.0 631.8
1183.1 631.8
1183.0 631.8
1183.0 631.8
1183.0 631.8
1183.0 631.8
1183.0 631.8
1183.0 631.8
1183.0 631.8
1183.0 631.8
1183.0 631.8
1183.0 631.8
1183.0 631.8
1183.0 631.8
1183.0 631.8
1183.0 631.8
1183.0 631.8
1183.0 631.8
1183.0 631.8
1183.0 631.8
1183.0 631.8
1183.0 631.8
1183.0 631.8
1183.0 631.8
1183.0 631.8
1183.0 631.8
1183.0 631.8
1183.0 631.8
1183.0 631.8
1183.0 631.8
1183.0 631.8
1183.0 631.8
1183.0 631.8
1183.0 631.8
1182.9 631.8
1183.0 631.8
1183.0 631.8
1183.0 631.8
1183.0 631.8
1183.0 631.8
1183.0 631.8
1183.0 631.8
1183.0 631.8
1183.0 631.8
1183.0 631.8
1183.0 631.8
1183.0 631.8
1183.0 631.8
1183.0 631.8
1182.9 631.8
1182.9 631.8
1183.0 631.8
1182.8 631.8
1182.9 631.8
1182.9 631.8
1183.0 631.8
1182.9 631.8
1182.9 631.8
1182.9 631.8
1182.9 631.8
1182.9 631.8
1182.9 631.8
1182.9 631.8
1182.8 631.8
1182.9 631.8
1182.9 631.8
1182.9 631.8
1182.8 631.8
1182.9 631.8
1182.8 631.8
1182.8 631.8
1182.9 631.8
1182.8 631.8
1182.8 631.8
1182.8 631.8
1182.8 631.8
1182.8 631.8
1182.8 631.8
1182.8 631.8
1182.8 631.8
1182.8 631.8
1182.8 631.8
1182.9 631.8
1182.9 631.8
1182.8 631.8
1182.8 631.8
1182.8 631.8
1182.9 631.8
1182.8 631.8
1182.8 631.8
1182.8 631.8
1182.8 631.8
1182.8 631.8
1182.8 631.8
1182.8 631.8
1184.4 631.8
1184.4 631.8
1184.4 631.8
1184.4 631.8
1184.4 631.8
1184.4 631.8
1184.4 631.8
1184.4 631.8
1184.4 631.8
1184.4 631.8
1184.1 631.8
1184.1 631.8
1184.1 631.8
1184.2 631.8
1184.4 631.8
1184.4 631.8
1184.4 631.8
1184.4 631.8
1184.4 631.8
1184.4 631.8
1184.4 631.8
1184.1 631.8
1184.4 631.8
1183.8 631.8
1184.4 631.8
1184.4 631.8
1184.4 631.8
1184.4 631.8
1184.4 631.8
1184.4 631.8
1184.3 631.8
1184.3 631.8
1184.4 631.8
1184.4 631.8
1184.3 631.8
1184.3 631.8
1184.3 631.8
1184.4 631.8
1184.3 631.8
1184.3 631.8
1184.3 631.8
1184.3 631.8
1184.3 631.8
1184.3 631.8
1184.3 631.8
1184.3 631.8
1184.3 631.8
1184.3 631.8
1184.3 631.8
1184.3 631.8
1184.3 631.8
1184.3 631.8
1184.3 631.8
1184.3 631.8
1184.3 631.8
1184.3 631.8
1184.3 631.8
1184.2 631.8
1184.3 631.8
1184.3 631.8
1184.3 631.8
1184.3 631.8
1184.2 631.8
1184.3 631.8
1184.2 631.8
1184.2 631.8
1184.2 631.8
1184.2 631.8
1184.2 631.8
1184.2 631.8
1184.2 631.8
1184.2 631.8
1184.3 631.8
1184.3 631.8
1184.2 631.8
1184.3 631.8
1184.3 631.8
1184.3 631.8
1184.3 631.8
1184.3 631.8
1184.3 631.8
1184.3 631.8
1184.3 631.8
1184.3 631.8
1184.3 631.8
1184.3 631.8
1184.2 631.8
1184.3 631.8
1184.2 631.8
1184.2 631.8
1184.2 631.8
1184.2 631.8
1556.3 744.8
1556.3 744.8
1555.3 744.8
1549.6 745.0
1549.7 745.0
1549.8 745.0
1549.8 745.0
1549.8 745.0
1549.8 745.0
1549.8 745.0
1551.3 745.0
1551.3 745.0
1551.3 745.0
1551.3 745.0
1551.3 745.0
1551.4 745.0
1551.3 745.0
1551.4 745.0
1551.3 745.0
1551.3 745.0
1551.3 745.0
1551.4 745.0
1551.3 745.0
1551.3 745.0
1551.3 745.0
1551.3 745.0
1551.3 745.0
1551.3 745.0
1551.3 745.0
1551.3 745.0
1551.3 745.0
1551.3 745.0
1551.3 745.0
1551.4 745.0
1551.4 745.0
1551.3 745.0
1551.3 745.0
1551.3 745.0
1550.2 745.0
1550.1 745.0
1550.1 745.0
1550.0 745.0
1550.0 745.0
1549.8 745.0
1550.0 745.0
1546.2 745.0
1546.3 745.0
1546.2 745.0
1546.2 745.0
1546.3 745.0
1546.2 745.0
1546.1 745.0
1546.2 745.0
1546.3 745.0
1546.3 745.0
1546.2 745.0
1546.1 745.0
1546.1 745.0
1546.1 745.0
1546.1 745.0
1546.3 745.0
1546.1 745.0
1546.1 745.0
1546.1 745.0
1546.1 745.0
1546.2 745.0
1540.3 745.0
1533.1 745.0
1526.5 745.0
1519.9 745.0
1514.1 745.0
1504.0 745.0
1496.9 745.0
1493.4 745.0
1483.6 745.0
1476.9 745.0
1470.3 745.0
1464.0 745.0
1458.7 745.0
1452.2 745.0
1445.1 745.0
1440.2 745.0
1433.5 745.0
1426.3 745.0
1419.7 745.0
1413.1 745.0
1405.5 745.0
1399.7 745.0
1394.6 745.0
1389.7 745.0
1384.3 745.0
1380.1 745.0
1374.5 745.0
1367.4 745.0
1363.3 745.0
1358.2 745.0
1353.3 745.0
1346.6 745.0
1340.2 745.0
1333.5 745.0
1327.7 745.0
1322.1 745.0
1316.1 745.0
1310.1 745.0
1303.7 745.0
1297.1 745.0
1290.9 745.0
1284.6 745.0
1278.7 745.0
1272.2 745.0
1266.3 745.0
1259.7 745.0
1253.1 745.0
1246.9 745.0
1240.7 745.0
1234.3 745.0
1227.8 745.0
1221.5 745.0
1215.7 745.0
1211.1 745.0
1206.1 745.0
1200.9 745.0
1193.5 745.0
1188.4 745.0
1182.0 745.0
1175.3 745.0
1168.8 745.0
1164.4 745.0
1158.5 745.0
1151.9 745.0
1146.4 745.0
1139.7 745.0
1129.8 745.0
1123.3 745.0
1117.1 745.0
1112.6 745.0
1105.4 745.0
1098.8 745.0
1093.5 745.0
1087.3 745.0
1080.6 745.0
1074.1 745.0
1067.6 745.0
1061.1 745.0
1054.7 745.0
1048.4 745.0
1042.8 745.0
1036.6 745.0
1029.8 745.0
1023.0 745.0
1016.5 745.0
1010.3 745.0
1001.7 745.0
994.4 745.0
987.9 745.0
981.5 745.0
975.2 745.0
969.0 745.0
962.7 745.0
954.9 745.0
949.3 745.0
944.0 745.0
935.1 745.0
929.6 745.0
923.2 745.0
917.1 745.0
909.8 745.0
903.2 745.0
895.9 745.0
889.9 745.0
884.4 745.0
876.9 745.0
871.3 745.0
865.8 745.0
860.6 745.0
854.3 745.0
847.0 745.0
841.2 745.0
833.7 745.0
827.1 745.0
820.2 745.0
814.2 745.0
808.0 745.0
801.4 745.0
796.3 745.0
790.1 745.0
783.3 745.0
776.6 745.0
766.3 745.0
759.7 745.0
753.0 745.0
746.2 745.0
739.6 745.0
733.0 745.0
726.4 745.0
719.9 745.0
713.3 745.0
707.5 745.0
700.3 745.0
693.9 745.0
687.7 745.0
682.3 745.0
675.3 745.0
669.8 745.0
662.8 745.0
657.0 745.0
651.1 745.0
644.1 745.0
638.3 745.0
631.8 745.0
624.4 745.0
618.6 745.0
611.9 745.0
605.8 745.0
599.0 745.0
592.2 745.0
585.5 745.0
581.6 745.0
575.0 745.0
568.5 745.0
561.6 745.0
555.0 745.0
548.2 745.0
541.5 745.0
534.8 745.0
528.1 745.0
521.5 745.0
515.0 745.0
507.9 745.0
501.4 745.0
494.8 745.0
487.0 745.0
480.5 745.0
474.2 745.0
468.5 745.0
462.5 745.0
456.6 745.0
450.3 745.0
443.8 745.0
438.1 745.0
431.9 745.0
424.9 745.0
416.4 745.0
409.5 745.0
404.6 745.0
396.5 745.0
390.1 745.0
383.6 745.0
377.8 745.0
375.3 745.0
369.5 745.0
368.3 745.0
359.8 745.0
353.0 745.0
346.2 745.0
339.2 745.0
332.8 745.0
329.3 745.0
324.6 745.0
317.8 745.0
311.0 745.0
305.1 745.0
297.9 745.0
291.2 745.0
286.7 745.0
281.0 745.0
274.4 745.0
268.1 745.0
261.9 745.0
255.4 745.0
249.0 745.0
243.6 745.0
235.8 745.0
229.1 745.0
222.4 745.0
215.6 745.0
209.3 745.0
202.9 745.0
196.4 745.0
189.9 745.0
183.3 745.0
176.7 745.0
170.3 745.0
163.8 745.0
157.3 745.0
151.0 745.0
145.8 745.0
139.2 745.0
132.4 745.0
125.7 745.0
119.3 745.0
112.8 745.0
106.3 745.0
100.0 745.0
93.8 745.0
91.4 745.0
85.1 745.0
78.6 745.0
72.2 745.0
65.6 745.0
81.4 744.8
79.2 744.8
72.6 744.8
65.9 744.8
94.9 744.8
86.7 744.8
80.1 744.8
73.7 744.8
67.3 744.8
74.2 744.8
67.9 744.8
79.9 743.4
73.6 743.4
67.0 743.4
70.0 739.2
63.9 739.2
62.6 738.7
77.0 712.7
70.6 712.7
65.6 712.7
69.7 697.7
68.6 681.2
64.0 681.2
73.6 670.8
68.5 670.8
81.4 647.9
73.3 647.9
67.6 647.9
62.0 630.7
79.2 630.7
74.1 630.7
68.9 630.7
64.1 630.7
78.2 605.4
69.2 605.4
64.0 601.2
72.0 583.9
64.8 583.9
77.4 578.4
73.6 578.4
68.4 578.2
63.1 549.9
82.3 546.2
76.9 546.2
71.6 546.2
66.4 546.2
85.0 522.9
79.0 522.9
74.4 522.9
68.2 522.9
64.1 522.6
83.8 496.9
78.5 496.9
72.5 496.9
66.6 496.9
63.0 496.9
82.9 475.9
79.9 475.9
74.1 475.9
67.9 475.9
62.9 475.9
74.2 455.7
70.4 455.7
66.2 455.7
78.4 444.2
70.9 444.2
67.0 444.2
77.7 425.2
71.9 425.2
65.6 425.2
86.8 402.4
82.7 402.4
77.3 402.4
72.5 402.4
66.9 402.4
76.8 385.9
71.2 385.9
63.9 385.9
75.3 375.7
69.7 375.7
64.0 375.7
79.8 345.7
74.2 345.7
69.0 345.7
63.2 345.7
74.2 328.9
66.5 328.9
65.1 306.4
79.0 302.9
73.2 302.9
68.0 302.9
62.6 286.7
68.8 286.7
80.0 263.7
64.1 251.9
72.3 251.9
67.9 251.9
83.4 227.2
78.1 227.2
75.2 210.2
73.8 210.2
71.1 210.2
67.5 209.9
66.0 193.2
73.7 189.2
63.5 169.2
82.1 169.2
76.8 169.2
71.5 169.2
66.2 169.2
74.9 148.9
78.0 148.9
72.6 148.9
68.1 148.9
63.0 130.2
82.1 126.8
76.3 126.8
70.9 126.8
65.2 126.8
76.5 102.1
72.1 102.1
68.2 102.1
63.3 84.8
73.8 84.5
68.0 84.5
63.3 84.5
78.7 62.9
73.4 62.9
69.8 62.9
66.0 62.9
91.3 28.7
86.0 28.7
81.1 28.7
76.2 28.7
1665.8 740.4
1665.9 740.4
1665.8 740.4
1665.9 740.4
1665.9 740.4
1665.9 740.4
1665.9 740.4
1665.9 740.4
1665.9 740.4
1665.9 740.4
1665.8 740.4
1665.9 740.4
1665.9 740.4
1665.9 740.4
1665.9 740.4
1665.9 740.4
1665.7 740.4
1665.7 740.4
1665.1 740.4
1665.2 740.4
1665.1 740.4
1665.1 740.4
1665.1 740.4
1665.1 740.4
1665.1 740.4
1665.1 740.4
1665.1 740.4
1665.1 740.4
1665.1 740.4
1665.1 740.4
1665.1 740.4
1665.1 740.4
1665.1 740.4
1665.1 740.4
1665.1 740.4
1665.1 740.4
1665.0 740.4
1665.0 740.4
1665.0 740.4
1665.0 740.4
1664.0 740.4
1664.0 740.4
1664.0 740.4
1663.9 740.4
1664.0 740.4
1664.0 740.4
1662.8 740.4
1662.8 740.4
1659.2 740.4
1659.2 740.4
1659.2 740.4
1659.2 740.4
1659.2 740.4
1659.2 740.4
1659.2 740.4
1659.2 740.4
1659.2 740.4
1659.2 740.4
1659.2 740.4
1659.2 740.4
1659.2 740.4
1659.2 740.4
1659.2 740.4
1659.2 740.4
1659.2 740.4
1659.2 740.4
1659.2 740.4
1659.2 740.4
1659.2 740.4
1659.2 740.4
1659.2 740.4
1659.2 740.4
1658.1 740.4
1658.2 740.4
1658.1 740.4
1658.3 740.4
1658.1 740.4
1658.1 740.4
1658.1 740.4
1658.1 740.4
1658.1 740.4
1658.1 740.4
1658.1 740.4
1658.1 740.4
1658.1 740.4
1658.1 740.4
1658.1 740.4
1658.1 740.4
1658.1 740.4
1658.1 740.4
1658.1 740.4
1658.1 740.4
1658.1 740.4
1658.1 740.4
1658.1 740.4
1658.1 740.4
1658.1 740.4
1658.1 740.4
1658.0 740.4
1658.1 740.4
1658.1 740.4
1658.1 740.4
1658.6 740.4
1658.7 740.4
1658.7 740.4
1658.7 740.4
1658.7 740.4
1658.7 740.4
1658.7 740.4
1658.7 740.4
1658.6 740.4
1658.7 740.4
1658.7 740.4
1658.7 740.4
1658.7 740.4
1658.7 740.4
1658.7 740.4
1658.7 740.4
1658.6 740.4
1658.7 740.4
1658.6 740.4
1658.7 740.4
1658.6 740.4
1658.6 740.4
1658.6 740.4
1658.6 740.4
1658.6 740.4
1658.7 740.4
1658.6 740.4
1658.6 740.4
1658.6 740.4
1658.7 740.4
1658.6 740.4
1658.5 740.4
1658.7 740.4
1658.5 740.4
1658.7 740.4
1658.6 740.4
1658.6 740.4
1658.5 740.4
1658.6 740.4
1658.6 740.4
1658.6 740.4
1658.7 740.4
1658.6 740.4
1658.5 740.4
1658.5 740.4
1658.6 740.4
1658.5 740.4
1658.5 740.4
1658.5 740.4
1658.6 740.4
1658.6 740.4
1658.5 740.4
1658.5 740.4
1658.6 740.4
1658.5 740.4
1658.5 740.4
1658.5 740.4
1658.5 740.4
1658.5 740.4
1658.5 740.4
1658.5 740.4
1658.6 740.4
1658.6 740.4
1658.6 740.4
1658.6 740.4
1658.7 740.4
1658.5 740.4
1658.6 740.4
1658.6 740.4
1658.7 740.4
1658.6 740.4
1658.6 740.4
1658.6 740.4
1658.6 740.4
1658.6 740.4
1658.6 740.4
1658.5 740.4
1658.5 740.4
1658.6 740.4
1658.6 740.4
1658.5 740.4
1658.6 740.4
1658.5 740.4
1658.6 740.4
1658.5 740.4
1658.5 740.4
1658.5 740.4
1658.5 740.4
1658.5 740.4
1657.5 740.4
1657.5 740.4
1657.5 740.4
1657.5 740.4
1657.5 740.4
1657.5 740.4
1657.5 740.4
1657.5 740.4
1657.5 740.4
1657.5 740.4
1657.5 740.4
1657.5 740.4
1657.5 740.4
1658.7 740.4
1658.6 740.4
1658.6 740.4
1658.6 740.4
1657.5 740.4
1656.3 740.4
1656.5 740.4
1656.5 740.4
1657.5 740.4
1657.6 740.4
1657.5 740.4
1657.5 740.4
1657.4 740.4
1657.4 740.4
1657.4 740.4
1657.4 740.4
1657.2 740.4
1657.2 740.4
1657.2 740.4
1657.2 740.4
1657.2 740.4
1657.2 740.4
1657.2 740.4
1657.2 740.4
1657.3 740.4
1657.2 740.4
1657.2 740.4
1657.2 740.4
1657.2 740.4
1657.2 740.4
1657.2 740.4
1657.2 740.4
1657.2 740.4
1657.2 740.4
1657.2 740.4
1657.2 740.4
1657.2 740.4
1657.2 740.4
1657.2 740.4
1657.2 740.4
1657.2 740.4
1657.2 740.4
1657.2 740.4
1657.2 740.4
1657.2 740.4
1657.2 740.4
1657.1 740.4
1657.1 740.4
1657.2 740.4
1657.1 740.4
1657.1 740.4
1657.1 740.4
1657.2 740.4
1657.1 740.4
1657.2 740.4
1657.1 740.4
1657.2 740.4
1657.1 740.4
1657.1 740.4
1657.1 740.4
1657.1 740.4
1657.2 740.4
1657.1 740.4
1657.1 740.4
1657.1 740.4
1657.2 740.4
1657.1 740.4
1656.1 740.4
1656.1 740.4
1656.1 740.4
1656.1 740.4
1656.0 740.4
1656.1 740.4
1656.1 740.4
1656.1 740.4
1656.1 740.4
1656.1 740.4
1656.1 740.4
