1280.4 631.2
1280.4 631.2
1281.0 631.2
1280.9 631.2
1280.9 631.2
1281.0 631.2
1280.9 631.2
1280.9 631.2
1281.0 631.2
1281.0 631.2
1280.9 631.2
1280.9 631.2
1280.9 631.2
1280.3 631.2
1280.3 631.2
1280.9 631.2
1281.0 631.2
1280.9 631.2
1280.3 631.2
1280.3 631.2
1280.3 631.2
1281.3 631.2
1280.3 631.2
1280.3 631.2
1280.3 631.2
1280.8 631.2
1280.3 631.2
1280.3 631.2
1280.3 631.2
1280.3 631.2
1280.3 631.2
1280.3 631.2
1280.3 631.2
1280.3 631.2
1280.3 631.2
1280.3 631.2
1280.3 631.2
1280.3 631.2
1280.3 631.2
1280.2 631.2
1280.3 631.2
1280.8 631.2
1280.8 631.2
1280.8 631.2
1280.8 631.2
1280.8 631.2
1280.8 631.2
1278.2 631.2
1278.3 631.2
1278.2 631.2
1278.3 631.2
1278.3 631.2
1278.3 631.2
1278.2 631.2
1278.2 631.2
1278.2 631.2
1278.3 631.2
1278.1 631.2
1278.1 631.2
1278.1 631.2
1278.2 631.2
1278.2 631.2
1278.1 631.2
1278.1 631.2
1278.1 631.2
1278.1 631.2
1278.1 631.2
1278.1 631.2
1278.2 631.2
1278.3 631.2
1278.3 631.2
1278.1 631.2
1278.1 631.2
1278.3 631.2
1278.2 631.2
1278.2 631.2
1278.3 631.2
1278.2 631.2
1278.1 631.2
1278.2 631.2
1278.1 631.2
1278.1 631.2
1278.1 631.2
1278.1 631.2
1278.2 631.2
1278.2 631.2
1278.1 631.2
1278.2 631.2
1278.2 631.2
1278.1 631.2
1278.1 631.2
1278.2 631.2
1278.2 631.2
1278.2 631.2
1278.1 631.2
1278.1 631.2
1278.2 631.2
1277.7 631.2
1278.1 631.2
1278.1 631.2
1278.2 631.2
1278.1 631.2
1278.1 631.2
1278.1 631.2
1278.2 631.2
1278.2 631.2
1278.1 631.2
1278.1 631.2
1278.1 631.2
1278.2 631.2
1278.1 631.2
1278.2 631.2
1278.1 631.2
1278.1 631.2
1278.1 631.2
1278.1 631.2
1278.1 631.2
1278.0 631.2
1278.1 631.2
1278.1 631.2
1277.6 631.2
1278.1 631.2
1278.1 631.2
1278.1 631.2
1278.1 631.2
1278.1 631.2
1278.0 631.2
1278.0 631.2
1278.1 631.2
1278.0 631.2
1278.0 631.2
1278.1 631.2
1278.1 631.2
1278.1 631.2
1278.1 631.2
1278.1 631.2
1278.1 631.2
1278.0 631.2
1278.1 631.2
1278.0 631.2
1278.0 631.2
1278.1 631.2
1278.0 631.2
1278.0 631.2
1278.0 631.2
1278.0 631.2
1278.5 631.2
1278.0 631.2
1278.0 631.2
1278.0 631.2
1278.0 631.2
1278.0 631.2
1278.1 631.2
1278.1 631.2
1278.1 631.2
1278.0 631.2
1278.0 631.2
1278.0 631.2
1278.1 631.2
1278.0 631.2
1278.0 631.2
1278.0 631.2
1278.0 631.2
1278.0 631.2
1278.0 631.2
1278.0 631.2
1278.0 631.2
1278.0 631.2
1278.0 631.2
1278.0 631.2
1278.0 631.2
1278.0 631.2
1278.0 631.2
1278.0 631.2
1278.0 631.2
1278.0 631.2
1278.0 631.2
1277.9 631.2
1277.9 631.2
1278.0 631.2
1278.0 631.2
1278.0 631.2
1278.0 631.2
1278.0 631.2
1278.0 631.2
1277.9 631.2
1278.0 631.2
1277.9 631.2
1277.9 631.2
1277.9 631.2
1277.9 631.2
1277.9 631.2
1278.0 631.2
1277.9 631.2
1278.0 631.2
1278.0 631.2
1278.0 631.2
1277.9 631.2
1278.0 631.2
1277.9 631.2
1278.0 631.2
1278.0 631.2
1278.0 631.2
1277.9 631.2
1278.0 631.2
1278.0 631.4
1216.0 631.6
1216.1 631.6
1215.4 631.6
1215.4 631.6
1215.4 631.6
1215.4 631.6
1215.4 631.6
1215.4 631.6
1215.4 631.6
1215.4 631.6
1215.4 631.6
1215.4 631.6
1215.4 631.6
1215.4 631.6
1215.4 631.6
1215.4 631.6
1215.4 631.6
1215.4 631.6
1215.4 631.6
1215.4 631.6
1215.5 631.6
1215.4 631.6
1215.9 631.6
1216.0 631.6
1216.0 631.6
1216.0 631.6
1216.0 631.6
1216.0 631.6
1216.0 631.6
1216.0 631.6
1216.0 631.6
1216.0 631.6
1216.0 631.6
1215.9 631.6
1216.0 631.6
1216.0 631.6
1215.9 631.6
1215.9 631.6
1215.9 631.6
1216.0 631.6
1216.0 631.6
1216.0 631.6
1216.0 631.6
1216.0 631.6
1216.0 631.6
1216.0 631.6
1216.0 631.6
1216.0 631.6
1215.9 631.6
1215.9 631.6
1216.0 631.6
1216.0 631.6
1216.0 631.6
1216.0 631.6
1216.0 631.6
1216.0 631.6
1215.7 631.6
1216.0 631.6
1215.3 631.6
1215.9 631.6
1216.0 631.6
1216.0 631.6
1216.0 631.6
1215.9 631.6
1215.9 631.6
1215.9 631.6
1215.9 631.6
1215.9 631.6
1215.9 631.6
1216.0 631.6
1216.0 631.6
1215.9 631.6
1215.9 631.6
1215.9 631.6
1215.9 631.6
1215.9 631.6
1215.9 631.6
1215.9 631.6
1215.9 631.6
1215.9 631.6
1215.9 631.6
1215.9 631.6
1215.9 631.6
1215.9 631.6
1215.9 631.6
1215.8 631.6
1215.9 631.6
1215.8 631.6
1215.8 631.6
1215.9 631.6
1215.9 631.6
1215.9 631.6
1215.9 631.6
1215.8 631.6
1215.9 631.6
1215.9 631.6
1215.9 631.6
1215.9 631.6
1215.8 631.6
1215.7 631.6
1215.8 631.6
1215.8 631.6
1215.8 631.6
1215.8 631.6
1215.7 631.6
1215.8 631.6
1215.7 631.6
1215.8 631.6
1215.8 631.6
1215.8 631.6
1215.8 631.6
1215.8 631.6
1215.8 631.6
1215.9 631.6
1215.9 631.6
1215.8 631.6
1215.9 631.6
1215.8 631.6
1215.8 631.6
1215.8 631.6
1215.8 631.6
1215.8 631.6
1215.8 631.6
1215.8 631.6
1215.8 631.6
1215.8 631.6
1215.7 631.6
1215.8 631.6
1215.9 631.6
1215.7 631.6
1215.8 631.6
1215.8 631.6
1215.7 631.6
1215.8 631.6
1215.8 631.6
1215.8 631.6
1215.8 631.6
1215.8 631.6
1215.8 631.6
1215.8 631.6
1215.7 631.6
1215.7 631.6
1215.7 631.6
1215.8 631.6
1215.7 631.6
1215.8 631.6
1215.7 631.6
1215.8 631.6
1215.7 631.6
1215.7 631.6
1215.8 631.6
1215.8 631.6
1215.7 631.6
1215.1 631.6
1215.3 631.6
1215.1 631.6
1215.9 631.6
1215.8 631.6
1215.7 631.6
1215.7 631.6
1215.8 631.6
1215.7 631.6
1215.8 631.6
1215.6 631.6
1215.8 631.6
1215.7 631.6
1215.8 631.6
1215.8 631.6
1215.8 631.6
1215.6 631.6
1215.8 631.6
1215.8 631.6
1215.6 631.6
1215.8 631.6
1215.7 631.6
1215.7 631.6
1215.6 631.6
1215.7 631.6
1215.7 631.6
1215.7 631.6
1215.7 631.6
1215.7 631.6
1215.7 631.6
1215.7 631.6
1215.7 631.6
1215.6 631.6
1215.6 631.6
1215.7 631.6
1215.6 631.6
1215.7 631.6
1215.6 631.6
1215.6 631.6
1215.6 631.6
1215.6 631.6
1215.6 631.6
1218.2 631.6
1218.2 631.6
1218.2 631.6
1218.2 631.6
1218.1 631.6
1218.2 631.6
1218.2 631.6
1218.2 631.6
1218.2 631.6
1218.1 631.6
1218.2 631.6
1218.1 631.6
1218.2 631.6
1218.2 631.6
1218.1 631.6
1218.2 631.6
1218.1 631.6
1218.1 631.6
1218.2 631.6
1218.2 631.6
1218.2 631.6
1218.2 631.6
1218.2 631.6
1218.2 631.6
1218.1 631.6
1218.2 631.6
1218.2 631.6
1218.1 631.6
1218.2 631.6
1218.2 631.6
1218.1 631.6
1218.2 631.6
1218.1 631.6
1218.1 631.6
1218.2 631.6
1218.1 631.6
1218.1 631.6
1218.1 631.6
1218.0 631.6
1218.1 631.6
1218.1 631.6
1218.1 631.6
1218.1 631.6
1218.0 631.6
1218.1 631.6
1218.1 631.6
1218.1 631.6
1218.0 631.6
1218.0 631.6
1217.6 631.6
1217.5 631.6
1217.5 631.6
1217.5 631.6
1217.5 631.6
1217.5 631.6
1217.5 631.6
1217.5 631.6
1217.4 631.6
1217.5 631.6
1217.6 631.6
1217.9 631.6
1217.4 631.6
1217.4 631.6
1217.4 631.6
1217.6 631.6
1217.4 631.6
1217.4 631.6
1217.4 631.6
1217.6 631.6
1218.1 631.6
1218.0 631.6
1218.0 631.6
1218.0 631.6
1218.0 631.6
1218.0 631.6
1218.0 631.6
1218.0 631.6
1218.0 631.6
1218.0 631.6
1218.0 631.6
1218.0 631.6
1218.0 631.6
1218.0 631.6
1218.0 631.6
1217.9 631.6
1218.0 631.6
1217.9 631.6
1218.0 631.6
1218.0 631.6
1218.0 631.6
1218.0 631.6
1218.0 631.6
1218.0 631.6
1218.0 631.6
1217.9 631.6
1218.0 631.6
1218.0 631.6
1218.0 631.6
1217.4 631.6
1217.4 631.6
1217.4 631.6
1217.4 631.6
1217.4 631.6
1217.4 631.6
1217.9 631.6
1218.0 631.6
1217.9 631.6
1217.4 631.6
1217.4 631.6
1217.4 631.6
1217.4 631.6
1217.4 631.6
1217.4 631.6
1218.0 631.6
1217.4 631.6
1217.4 631.6
1217.4 631.6
1217.4 631.6
1217.4 631.6
1217.3 631.6
1217.4 631.6
1217.4 631.6
1217.5 631.6
1218.0 631.6
1218.0 631.6
1217.9 631.6
1217.9 631.6
1218.0 631.6
1218.0 631.6
1217.9 631.6
1218.0 631.6
1217.9 631.6
1218.0 631.6
1217.9 631.6
1217.9 631.6
1217.9 631.6
1218.0 631.6
1217.9 631.6
1217.9 631.6
1217.9 631.6
1217.9 631.6
1217.9 631.6
1217.9 631.6
1217.9 631.6
1217.9 631.6
1217.9 631.6
1217.9 631.6
1217.9 631.6
1217.9 631.6
1217.9 631.6
1217.9 631.6
1217.9 631.6
1217.9 631.6
1217.9 631.6
1217.9 631.6
1217.8 631.6
1217.9 631.6
1217.8 631.6
1217.8 631.6
1217.9 631.6
1217.9 631.6
1217.8 631.6
1217.8 631.6
1217.9 631.6
1217.9 631.6
1217.8 631.6
1217.9 631.6
1217.9 631.6
1217.8 631.6
1217.8 631.6
1217.7 631.6
1217.8 631.6
1217.8 631.6
1217.8 631.6
1217.8 631.6
1217.8 631.6
1217.9 631.6
1217.9 631.6
1217.8 631.6
1217.9 631.6
1217.8 631.6
1217.9 631.6
1217.8 631.6
1217.8 631.6
1217.8 631.6
1217.9 631.6
1217.9 631.6
1217.8 631.6
1217.9 631.6
1217.8 631.6
1217.8 631.6
1217.8 631.6
1217.8 631.6
1217.8 631.6
1217.8 631.6
1217.9 631.6
1217.8 631.6
1217.9 631.6
1217.8 631.6
1217.8 631.6
1217.8 631.6
1217.7 631.6
1217.9 631.6
1217.8 631.6
1217.8 631.6
1217.9 631.6
1217.2 631.6
1217.2 631.6
1217.2 631.6
1217.2 631.6
1217.2 631.6
1217.7 631.6
1217.6 631.6
1217.7 631.6
1217.8 631.6
1217.8 631.6
1217.8 631.6
1217.8 631.6
1217.8 631.6
1217.8 631.6
1217.8 631.6
1217.8 631.6
1217.8 631.6
1217.8 631.6
1217.7 631.6
1217.7 631.6
1217.7 631.6
1217.2 631.6
1217.2 631.6
1217.2 631.6
1217.2 631.6
1217.1 631.6
1217.2 631.6
1217.2 631.6
1217.1 631.6
1217.1 631.6
1216.9 631.6
1216.9 631.6
1216.9 631.6
1216.9 631.6
1216.9 631.6
1216.9 631.6
1216.9 631.6
1216.9 631.6
1216.9 631.6
1216.9 631.6
1216.9 631.6
1216.9 631.6
1216.9 631.6
1216.9 631.6
1216.9 631.6
1216.8 631.6
1216.9 631.6
1216.9 631.6
1216.9 631.6
1216.9 631.6
1216.9 631.6
1216.9 631.6
1216.9 631.6
1216.9 631.6
1216.9 631.6
1216.9 631.6
1216.9 631.6
1217.4 631.6
1216.9 631.6
1216.9 631.6
1217.3 631.6
1217.5 631.6
1217.4 631.6
1217.5 631.6
1217.5 631.6
1217.5 631.6
1217.5 631.6
1217.4 631.6
1217.4 631.6
1217.5 631.6
1217.5 631.6
1217.5 631.6
1217.4 631.6
1217.5 631.6
1217.4 631.6
1217.5 631.6
1217.4 631.6
1217.4 631.6
1217.4 631.6
1217.4 631.6
1217.3 631.6
1217.4 631.6
1217.5 631.6
1217.5 631.6
1217.4 631.6
1217.3 631.6
1217.5 631.6
1217.4 631.6
1217.4 631.6
1217.5 631.6
1217.3 631.6
1217.3 631.6
1217.4 631.6
1217.4 631.6
1217.4 631.6
1217.3 631.6
1217.4 631.6
1217.5 631.6
1217.3 631.6
1217.4 631.6
1217.3 631.6
1217.5 631.6
1214.7 631.6
1214.8 631.6
1214.8 631.6
1214.8 631.6
1214.7 631.6
1214.8 631.6
1214.8 631.6
1214.7 631.6
1214.8 631.6
1214.8 631.6
1214.6 631.6
1214.5 631.6
1214.6 631.6
1214.5 631.6
1214.6 631.6
1217.3 631.6
1217.3 631.6
1217.3 631.6
1217.3 631.6
1217.3 631.6
1217.3 631.6
1217.3 631.6
1217.3 631.6
1217.3 631.6
1217.2 631.6
1217.3 631.6
1217.3 631.6
1217.3 631.6
1217.2 631.6
1217.3 631.6
1217.2 631.6
1217.3 631.6
1217.3 631.6
1217.3 631.6
1217.3 631.6
1217.3 631.6
1217.3 631.6
1217.3 631.6
1217.3 631.6
1217.2 631.6
1217.3 631.6
1217.2 631.6
1217.3 631.6
1217.3 631.6
1217.3 631.6
1217.3 631.6
1217.3 631.6
1217.3 631.6
1217.3 631.6
1217.3 631.6
1217.2 631.6
1217.3 631.6
1217.2 631.6
1217.3 631.6
1215.2 631.6
1215.2 631.6
1215.2 631.6
1215.2 631.6
1215.2 631.6
1215.2 631.6
1215.1 631.6
1215.1 631.6
1215.2 631.6
1215.2 631.6
1215.1 631.6
1215.2 631.6
1215.2 631.6
1215.2 631.6
1215.2 631.6
1215.1 631.6
1215.2 631.6
1215.1 631.6
1215.2 631.6
1215.2 631.6
1215.1 631.6
1215.2 631.6
1215.2 631.6
1215.1 631.6
1215.2 631.6
1215.2 631.6
1215.1 631.6
1215.1 631.6
1215.1 631.6
1215.1 631.6
1215.0 631.6
1214.6 631.6
1214.6 631.6
1214.5 631.6
1214.6 631.6
1214.5 631.6
1214.6 631.6
1214.5 631.6
1214.5 631.6
1214.5 631.6
1214.5 631.6
1214.5 631.6
1214.5 631.6
1214.5 631.6
1214.5 631.6
1214.5 631.6
1214.6 631.6
1214.5 631.6
1214.5 631.6
1214.5 631.6
1214.5 631.6
1214.5 631.6
1214.5 631.6
1214.5 631.6
1215.0 631.6
1215.0 631.6
1215.0 631.6
1215.0 631.6
1215.0 631.6
1215.0 631.6
1215.0 631.6
1215.0 631.6
1215.0 631.6
1215.0 631.6
1215.1 631.6
1215.0 631.6
1215.0 631.6
1215.0 631.6
1215.1 631.6
1215.0 631.6
1215.1 631.6
1215.0 631.6
1215.1 631.6
1215.0 631.6
1215.0 631.6
1215.0 631.6
1215.0 631.6
1215.0 631.6
1215.0 631.6
1215.0 631.6
1215.0 631.6
1215.0 631.6
1215.0 631.6
1215.0 631.6
1215.0 631.6
1215.0 631.6
1215.0 631.6
1215.0 631.6
1215.0 631.6
1215.0 631.6
1215.0 631.6
1215.0 631.6
1215.0 631.6
1215.0 631.6
1215.0 631.6
1215.0 631.6
1215.0 631.6
1215.0 631.6
1214.4 631.6
1214.4 631.6
1214.5 631.6
1214.4 631.6
1214.4 631.6
1215.4 631.6
1215.0 631.6
1215.0 631.6
1214.4 631.6
1214.4 631.6
1214.4 631.6
1214.4 631.6
1214.4 631.6
1214.4 631.6
1214.3 631.6
1214.4 631.6
1214.3 631.6
1214.9 631.6
1214.4 631.6
1214.5 631.6
1214.3 631.6
1214.9 631.6
1214.9 631.6
1214.9 631.6
1215.0 631.6
1214.9 631.6
1214.9 631.6
1214.9 631.6
1214.9 631.6
1214.9 631.6
1214.9 631.6
1214.9 631.6
1214.9 631.6
1214.9 631.6
1214.9 631.6
1214.9 631.6
1214.9 631.6
1214.8 631.6
1214.9 631.6
1215.2 631.6
1214.3 631.6
1214.3 631.6
1214.2 631.6
1214.3 631.6
1214.3 631.6
1214.2 631.6
1214.2 631.6
1214.2 631.6
1214.7 631.6
1214.8 631.6
1214.8 631.6
1214.9 631.6
1214.8 631.6
1214.9 631.6
1214.9 631.6
1214.8 631.6
1214.8 631.6
1214.8 631.6
1214.8 631.6
1214.8 631.6
1214.9 631.6
1214.8 631.6
1214.9 631.6
1214.9 631.6
1214.9 631.6
1214.9 631.6
1214.9 631.6
1214.8 631.6
1214.8 631.6
1214.8 631.6
1214.8 631.6
1214.8 631.6
1214.8 631.6
1214.8 631.6
1214.8 631.6
1214.8 631.6
1214.9 631.6
1214.7 631.6
1214.8 631.6
1214.8 631.6
1214.8 631.6
1214.8 631.6
1214.8 631.6
1214.8 631.6
1214.8 631.6
1214.8 631.6
1214.8 631.6
1214.8 631.6
1214.8 631.6
1214.8 631.6
1214.8 631.6
1214.8 631.6
1214.9 631.6
1214.8 631.6
1214.8 631.6
1214.7 631.6
1214.8 631.6
1214.2 631.6
1214.3 631.6
1214.8 631.6
1214.8 631.6
1214.8 631.6
1214.8 631.6
1214.8 631.6
1214.8 631.6
1214.8 631.6
1214.8 631.6
1214.8 631.6
1214.8 631.6
1214.8 631.6
1214.7 631.6
1214.7 631.6
1214.7 631.6
1214.7 631.6
1214.7 631.6
1214.8 631.6
1214.7 631.6
1214.7 631.6
1214.8 631.6
1214.8 631.6
1214.7 631.6
1214.8 631.6
1214.6 631.6
1214.8 631.6
1214.6 631.6
1214.1 631.6
1214.1 631.6
1214.2 631.6
1214.6 631.6
1214.6 631.6
1214.6 631.6
1214.7 631.6
1214.6 631.6
1214.7 631.6
1214.8 631.6
1214.7 631.6
1214.7 631.6
1214.6 631.6
1214.6 631.6
1214.7 631.6
1214.7 631.6
1214.7 631.6
1214.6 631.6
1214.7 631.6
1214.6 631.6
1214.6 631.6
1214.7 631.6
1214.6 631.6
1214.7 631.6
1214.7 631.6
1214.6 631.6
1214.6 631.6
1214.7 631.6
1214.6 631.6
1214.8 631.6
1214.7 631.6
1214.6 631.6
1214.0 631.6
1214.6 631.6
1214.2 631.6
1214.0 631.6
1214.0 631.6
1214.0 631.6
1214.0 631.6
1214.2 631.6
1214.6 631.6
1214.6 631.6
1214.6 631.6
1214.6 631.6
1214.0 631.6
1214.0 631.6
1214.4 631.6
1214.0 631.6
1214.6 631.6
1214.7 631.6
1214.6 631.6
1214.0 631.6
1214.0 631.6
1214.0 631.6
1214.0 631.6
1214.5 631.6
1214.6 631.6
1214.2 631.6
1214.0 631.6
1214.0 631.6
1214.6 631.6
1214.6 631.6
1214.6 631.6
1214.6 631.6
1214.6 631.6
1214.6 631.6
1214.5 631.6
1214.5 631.6
1214.6 631.6
1214.5 631.6
1214.6 631.6
1214.6 631.6
1214.6 631.6
1214.5 631.6
1214.5 631.6
1214.5 631.6
1214.5 631.6
1214.5 631.6
1214.5 631.6
1214.5 631.6
1214.5 631.6
1214.5 631.6
1214.5 631.6
1214.6 631.6
1214.6 631.6
1214.5 631.6
1214.5 631.6
1214.5 631.6
1214.5 631.6
1214.5 631.6
1214.4 631.6
1214.4 631.6
1214.5 631.6
1214.5 631.6
1214.6 631.6
1214.5 631.6
1214.5 631.6
1214.6 631.6
1214.5 631.6
1214.5 631.6
1214.5 631.6
1214.5 631.6
1214.5 631.6
1214.6 631.6
1214.5 631.6
1214.5 631.6
1214.5 631.6
1214.5 631.6
1214.5 631.6
1214.5 631.6
1214.5 631.6
1214.5 631.6
1214.5 631.6
1214.5 631.6
1214.5 631.6
1214.5 631.6
1214.6 631.6
1214.5 631.6
1214.5 631.6
1214.5 631.6
1214.5 631.6
1214.6 631.6
1214.5 631.6
1214.5 631.6
1214.5 631.6
1214.5 631.6
1214.5 631.6
1214.5 631.6
1214.5 631.6
1214.4 631.6
1214.5 631.6
1214.5 631.6
1214.5 631.6
1213.9 631.6
1213.9 631.6
1213.9 631.6
1213.9 631.6
1213.9 631.6
1213.9 631.6
1213.8 631.6
1213.9 631.6
1213.9 631.6
1213.9 631.6
1213.9 631.6
1213.9 631.6
1213.9 631.6
1213.9 631.6
1213.9 631.6
1213.9 631.6
1213.9 631.6
1213.9 631.6
1213.8 631.6
1214.5 631.6
1214.4 631.6
1214.5 631.6
1214.4 631.6
1214.5 631.6
1214.4 631.6
1214.4 631.6
1214.4 631.6
1214.4 631.6
1214.5 631.6
1214.3 631.6
1214.3 631.6
1214.4 631.6
1214.3 631.6
1214.3 631.6
1214.3 631.6
1214.3 631.6
1214.3 631.6
1213.8 631.6
1213.8 631.6
1213.8 631.6
1214.4 631.6
1214.4 631.6
1214.3 631.6
1214.3 631.6
1214.4 631.6
1214.3 631.6
1214.4 631.6
1214.3 631.6
1214.4 631.6
1214.3 631.6
1214.3 631.6
1214.3 631.6
1214.3 631.6
1214.4 631.6
1214.3 631.6
1214.3 631.6
1214.3 631.6
1214.4 631.6
1214.3 631.6
1214.3 631.6
1214.3 631.6
1214.3 631.6
1214.4 631.6
1214.3 631.6
1214.3 631.6
1214.3 631.6
1214.3 631.6
1214.3 631.6
1214.3 631.6
1214.3 631.6
1214.3 631.6
1214.3 631.6
1214.3 631.6
1214.3 631.6
1214.3 631.6
1214.3 631.6
1214.3 631.6
1214.3 631.6
1214.3 631.6
1214.3 631.6
1214.3 631.6
1214.3 631.6
1214.3 631.6
1214.3 631.6
1214.3 631.6
1214.3 631.6
1214.3 631.6
1214.3 631.6
1214.3 631.6
1214.2 631.6
1214.3 631.6
1214.3 631.6
1214.2 631.6
1214.2 631.6
1214.3 631.6
1214.3 631.6
1214.3 631.6
1214.2 631.6
1214.3 631.6
1214.2 631.6
1214.3 631.6
1214.2 631.6
1214.2 631.6
1214.2 631.6
1214.2 631.6
1214.2 631.6
1214.2 631.6
1214.3 631.6
1214.3 631.6
1214.2 631.6
1214.2 631.6
1214.2 631.6
1214.2 631.6
1214.2 631.6
1214.2 631.6
1214.2 631.6
1215.1 631.6
1214.2 631.6
1214.2 631.6
1214.2 631.6
1214.1 631.6
1214.1 631.6
1214.2 631.6
1214.2 631.6
1214.2 631.6
1214.1 631.6
1214.2 631.6
1214.2 631.6
1214.2 631.6
1214.1 631.6
1214.2 631.6
1214.2 631.6
1214.2 631.6
1214.2 631.6
1214.2 631.6
1214.2 631.6
1214.2 631.6
1214.2 631.6
1214.2 631.6
1213.6 631.6
1213.6 631.6
1213.6 631.6
1213.6 631.6
1213.6 631.6
1213.6 631.6
1213.6 631.6
1213.6 631.6
1214.2 631.6
1214.2 631.6
1214.2 631.6
1213.7 631.6
1213.7 631.6
1214.1 631.6
1213.6 631.6
1214.1 631.6
1214.1 631.6
1214.1 631.6
1214.1 631.6
1214.1 631.6
1214.1 631.6
1214.1 631.6
1214.2 631.6
1214.1 631.6
1214.2 631.6
1214.1 631.6
1214.1 631.6
1214.0 631.6
1214.1 631.6
1214.1 631.6
1214.0 631.6
1214.6 631.6
1213.5 631.6
1213.5 631.6
1213.5 631.6
1213.5 631.6
1213.9 631.6
1214.2 631.6
1214.1 631.6
1214.1 631.6
1214.0 631.6
1214.1 631.6
1214.1 631.6
1214.1 631.6
1213.7 631.6
1214.1 631.6
1214.1 631.6
1214.1 631.6
1214.1 631.6
1214.1 631.6
1214.1 631.6
1214.1 631.6
1214.1 631.6
1214.1 631.6
1214.0 631.6
1214.1 631.6
1214.0 631.6
1214.0 631.6
1213.9 631.6
1213.9 631.6
1214.1 631.6
1214.0 631.6
1214.0 631.6
1214.0 631.6
1214.0 631.6
1213.9 631.6
1214.1 631.6
1214.1 631.6
1214.0 631.6
1214.0 631.6
1214.0 631.6
1213.9 631.6
1213.9 631.6
1213.9 631.6
1213.9 631.6
1214.0 631.6
1214.0 631.6
1213.9 631.6
1214.0 631.6
1214.0 631.6
1214.0 631.6
1214.0 631.6
1214.0 631.6
1213.9 631.6
1213.9 631.6
1213.9 631.6
1214.0 631.6
1213.9 631.6
1213.4 631.6
1214.0 631.6
1213.9 631.6
1213.9 631.6
1213.9 631.6
1214.0 631.6
1213.9 631.6
1214.0 631.6
1213.9 631.6
1213.9 631.6
1213.9 631.6
1214.4 631.6
1213.9 631.6
1214.0 631.6
1214.3 631.6
1213.9 631.6
1213.9 631.6
1213.9 631.6
1213.3 631.6
1213.3 631.6
1213.3 631.6
1213.3 631.6
1213.3 631.6
1213.3 631.6
1213.3 631.6
1213.3 631.6
1213.9 631.6
1213.9 631.6
1213.9 631.6
1213.9 631.6
1214.0 631.6
1213.9 631.6
1213.9 631.6
1213.9 631.6
1214.0 631.6
1213.9 631.6
1213.9 631.6
1213.9 631.6
1213.9 631.6
1213.3 631.6
1213.3 631.6
1213.3 631.6
1213.3 631.6
1213.9 631.6
1213.9 631.8
1205.6 631.8
1205.6 631.8
1205.6 631.8
1205.7 631.8
1205.6 631.8
1205.6 631.8
1205.6 631.8
1205.6 631.8
1205.6 631.8
1205.6 631.8
1205.6 631.8
1205.6 631.8
1205.6 631.8
1205.6 631.8
1205.6 631.8
1205.5 631.8
1205.5 631.8
1205.6 631.8
1205.6 631.8
1205.6 631.8
1205.6 631.8
1205.5 631.8
1205.6 631.8
1205.5 631.8
1205.5 631.8
1205.6 631.8
1205.6 631.8
1205.6 631.8
1205.6 631.8
1205.5 631.8
1205.6 631.8
1205.6 631.8
1205.6 631.8
1205.6 631.8
1205.6 631.8
1205.6 631.8
1205.6 631.8
1205.5 631.8
1205.6 631.8
1205.6 631.8
1205.5 631.8
1205.6 631.8
1205.6 631.8
1205.6 631.8
1205.5 631.8
1205.5 631.8
1205.5 631.8
1205.6 631.8
1205.5 631.8
1205.5 631.8
1205.5 631.8
1205.6 631.8
1205.5 631.8
1205.5 631.8
1205.5 631.8
1205.6 631.8
1205.5 631.8
1205.5 631.8
1205.5 631.8
1205.5 631.8
1205.5 631.8
1205.5 631.8
1205.5 631.8
1205.5 631.8
1205.5 631.8
1205.5 631.8
1204.9 631.8
1205.3 631.8
1205.1 631.8
1205.6 631.8
1205.5 631.8
1205.5 631.8
1205.5 631.8
1205.5 631.8
1205.5 631.8
1205.5 631.8
1205.5 631.8
1205.5 631.8
1205.9 631.8
1205.4 631.8
1205.4 631.8
1205.4 631.8
1205.3 631.8
1205.4 631.8
1205.4 631.8
1205.4 631.8
1205.4 631.8
1205.4 631.8
1205.4 631.8
1205.4 631.8
1205.3 631.8
1205.3 631.8
1205.3 631.8
1205.3 631.8
1205.3 631.8
1205.4 631.8
1205.4 631.8
1205.3 631.8
1205.3 631.8
1205.3 631.8
1205.3 631.8
1205.3 631.8
1205.3 631.8
1205.3 631.8
1205.2 631.8
1205.2 631.8
1205.3 631.8
1205.4 631.8
1205.4 631.8
1205.4 631.8
1205.4 631.8
1205.4 631.8
1205.3 631.8
1205.3 631.8
1205.3 631.8
1205.4 631.8
1205.3 631.8
1205.3 631.8
1205.3 631.8
1205.3 631.8
1205.3 631.8
1205.3 631.8
1204.8 631.8
1205.4 631.8
1205.3 631.8
1205.3 631.8
1205.3 631.8
1205.4 631.8
1205.3 631.8
1205.3 631.8
1205.3 631.8
1205.2 631.8
1205.3 631.8
1205.3 631.8
1205.4 631.8
1205.3 631.8
1205.2 631.8
1205.3 631.8
1205.3 631.8
1205.3 631.8
1205.2 631.8
1205.2 631.8
1205.3 631.8
1205.3 631.8
1205.3 631.8
1205.3 631.8
1205.2 631.8
1205.3 631.8
1205.2 631.8
1205.2 631.8
1205.3 631.8
1205.2 631.8
1205.2 631.8
1204.7 631.8
1204.7 631.8
1204.6 631.8
1204.6 631.8
1204.6 631.8
1205.2 631.8
1205.2 631.8
1205.2 631.8
1205.2 631.8
1205.2 631.8
1205.2 631.8
1205.2 631.8
1205.3 631.8
1205.2 631.8
1205.2 631.8
1205.2 631.8
1205.2 631.8
1205.2 631.8
1205.2 631.8
1205.2 631.8
1205.2 631.8
1205.2 631.8
1205.2 631.8
1205.2 631.8
1205.2 631.8
1205.2 631.8
1205.2 631.8
1205.1 631.8
1204.6 631.8
1204.6 631.8
1204.6 631.8
1204.6 631.8
1204.6 631.8
1205.2 631.8
1205.1 631.8
1205.2 631.8
1205.1 631.8
1205.1 631.8
1205.2 631.8
1205.1 631.8
1205.2 631.8
1205.1 631.8
1205.2 631.8
1205.2 631.8
1205.2 631.8
1205.2 631.8
1205.2 631.8
1205.1 631.8
1205.1 631.8
1205.2 631.8
1205.1 631.8
1205.1 631.8
1205.1 631.8
1205.1 631.8
1205.1 631.8
1205.2 631.8
1205.1 631.8
1205.1 631.8
1205.2 631.8
1205.1 631.8
1205.1 631.8
1205.1 631.8
1205.1 631.8
1205.1 631.8
1205.2 631.8
1205.1 631.8
1205.1 631.8
1205.1 631.8
1205.1 631.8
1205.1 631.8
1205.1 631.8
1205.1 631.8
1205.1 631.8
1205.1 631.8
1205.1 631.8
1205.1 631.8
1205.1 631.8
1205.1 631.8
1205.1 631.8
1205.1 631.8
1205.1 631.8
1205.1 631.8
1205.1 631.8
1205.1 631.8
1205.1 631.8
1205.1 631.8
1205.1 631.8
1205.1 631.8
1205.1 631.8
1205.0 631.8
1205.0 631.8
1205.1 631.8
1205.1 631.8
1205.1 631.8
1205.1 631.8
1205.0 631.8
1205.0 631.8
1205.0 631.8
1205.1 631.8
1205.0 631.8
1204.9 631.8
1205.0 631.8
1205.0 631.8
1205.0 631.8
1205.0 631.8
1204.9 631.8
1205.0 631.8
1205.0 631.8
1204.9 631.8
1204.9 631.8
1204.9 631.8
1205.0 631.8
1205.0 631.8
1205.0 631.8
1204.9 631.8
1204.9 631.8
1204.9 631.8
1204.9 631.8
1205.0 631.8
1205.0 631.8
1204.9 631.8
1204.9 631.8
1204.9 631.8
1205.0 631.8
1204.9 631.8
1205.0 631.8
1205.0 631.8
1204.4 631.8
1204.4 631.8
1204.4 631.8
1204.4 631.8
1204.4 631.8
1204.4 631.8
1204.4 631.8
1204.4 631.8
1204.4 631.8
1205.0 631.8
1204.9 631.8
1204.9 631.8
1204.9 631.8
1204.9 631.8
1205.0 631.8
1204.9 631.8
1205.0 631.8
1204.9 631.8
1204.9 631.8
1204.9 631.8
1204.9 631.8
1204.9 631.8
1204.9 631.8
1204.9 631.8
1204.9 631.8
1205.0 631.8
1204.9 631.8
1204.9 631.8
1204.9 631.8
1204.9 631.8
1204.9 631.8
1204.9 631.8
1207.1 631.8
1207.1 631.8
1207.0 631.8
1206.9 631.8
1207.0 631.8
1206.9 631.8
1206.9 631.8
1206.9 631.8
1207.0 631.8
1206.9 631.8
1206.9 631.8
1207.0 631.8
1206.9 631.8
1206.9 631.8
1207.0 631.8
1206.9 631.8
1206.9 631.8
1206.9 631.8
1206.9 631.8
1206.9 631.8
1206.9 631.8
1207.0 631.8
1206.9 631.8
1206.9 631.8
1206.9 631.8
1206.9 631.8
1206.9 631.8
1206.9 631.8
1206.9 631.8
1206.9 631.8
1206.8 631.8
1207.0 631.8
1206.9 631.8
1206.9 631.8
1206.9 631.8
1206.9 631.8
1206.9 631.8
1206.9 631.8
1206.9 631.8
1206.9 631.8
1206.3 631.8
1206.3 631.8
1206.3 631.8
1206.3 631.8
1206.3 631.8
1206.3 631.8
1206.3 631.8
1206.3 631.8
1206.2 631.8
1206.4 631.8
1206.3 631.8
1206.3 631.8
1206.4 631.8
1206.4 631.8
1206.3 631.8
1206.4 631.8
1206.3 631.8
1206.3 631.8
1206.3 631.8
1206.3 631.8
1206.4 631.8
1206.3 631.8
1206.3 631.8
1206.3 631.8
1206.3 631.8
1206.3 631.8
1206.3 631.8
1206.3 631.8
1206.3 631.8
1206.8 631.8
1206.9 631.8
1206.9 631.8
1206.8 631.8
1206.8 631.8
1206.8 631.8
1206.8 631.8
1206.8 631.8
1206.8 631.8
1206.8 631.8
1206.8 631.8
1206.8 631.8
1206.8 631.8
1206.8 631.8
1206.9 631.8
1206.8 631.8
1206.8 631.8
1206.8 631.8
1206.8 631.8
1206.8 631.8
1206.9 631.8
1206.8 631.8
1206.8 631.8
1206.8 631.8
1206.8 631.8
1206.8 631.8
1206.8 631.8
1206.8 631.8
1206.8 631.8
1206.8 631.8
1206.8 631.8
1206.8 631.8
1206.8 631.8
1206.8 631.8
1206.8 631.8
1206.8 631.8
1206.8 631.8
1206.8 631.8
1206.8 631.8
1206.8 631.8
1206.8 631.8
1206.6 631.8
1206.7 631.8
1206.8 631.8
1206.8 631.8
1206.7 631.8
1206.7 631.8
1206.7 631.8
1206.7 631.8
1206.7 631.8
1206.7 631.8
1206.8 631.8
1206.7 631.8
1206.7 631.8
1206.7 631.8
1206.7 631.8
1206.6 631.8
1206.7 631.8
1206.6 631.8
1206.7 631.8
1206.7 631.8
1206.8 631.8
1206.7 631.8
1206.7 631.8
1206.7 631.8
1206.7 631.8
1206.7 631.8
1206.7 631.8
1206.7 631.8
1206.7 631.8
1206.7 631.8
1206.2 631.8
1206.7 631.8
1206.1 631.8
1206.5 631.8
1206.7 631.8
1206.7 631.8
1206.7 631.8
1206.6 631.8
1206.7 631.8
1206.7 631.8
1206.7 631.8
1206.7 631.8
1206.7 631.8
1206.7 631.8
1206.7 631.8
1206.7 631.8
1206.7 631.8
1206.6 631.8
1206.7 631.8
1206.7 631.8
1206.7 631.8
1206.7 631.8
1206.6 631.8
1206.7 631.8
1206.7 631.8
1206.7 631.8
1206.7 631.8
1206.7 631.8
1206.6 631.8
1206.7 631.8
1206.7 631.8
1206.7 631.8
1206.7 631.8
1206.6 631.8
1206.6 631.8
1206.7 631.8
1206.6 631.8
1206.6 631.8
1206.6 631.8
1206.6 631.8
1206.6 631.8
1206.6 631.8
1206.7 631.8
1206.0 631.8
1206.4 631.8
1206.0 631.8
1206.0 631.8
1206.0 631.8
1206.0 631.8
1206.6 631.8
1206.6 631.8
1206.5 631.8
1206.6 631.8
1206.5 631.8
1206.5 631.8
1206.6 631.8
1206.6 631.8
1206.6 631.8
1206.6 631.8
1206.5 631.8
1206.5 631.8
1206.5 631.8
1206.5 631.8
1206.5 631.8
1205.9 631.8
1205.9 631.8
1205.9 631.8
1205.9 631.8
1205.9 631.8
1205.9 631.8
1205.9 631.8
1205.9 631.8
1205.9 631.8
1206.5 631.8
1206.5 631.8
1206.1 631.8
1206.4 631.8
1206.5 631.8
1206.5 631.8
1206.5 631.8
1206.5 631.8
1206.5 631.8
1206.5 631.8
1206.5 631.8
1206.5 631.8
1206.6 631.8
1206.5 631.8
1206.5 631.8
1206.5 631.8
1206.5 631.8
1206.4 631.8
1206.4 631.8
1206.5 631.8
1206.5 631.8
1206.5 631.8
1206.5 631.8
1206.5 631.8
1206.5 631.8
1206.4 631.8
1206.4 631.8
1206.5 631.8
1206.4 631.8
1206.4 631.8
1206.5 631.8
1206.4 631.8
1206.9 631.8
1206.4 631.8
1206.5 631.8
1206.5 631.8
1206.4 631.8
1206.5 631.8
1206.3 631.8
1206.4 631.8
1205.9 631.8
1206.4 631.8
1206.4 631.8
1206.4 631.8
1206.5 631.8
1206.4 631.8
1206.4 631.8
1206.3 631.8
1206.5 631.8
1206.5 631.8
1206.4 631.8
1206.4 631.8
1206.3 631.8
1206.4 631.8
1206.3 631.8
1206.4 631.8
1205.8 631.8
1206.5 631.8
1206.9 631.8
1206.4 631.8
1206.4 631.8
1206.4 631.8
1206.4 631.8
1205.8 631.8
1206.4 631.8
1205.9 631.8
1206.4 631.8
1206.4 631.8
1206.4 631.8
1206.4 631.8
1206.3 631.8
1206.4 631.8
1206.3 631.8
1206.4 631.8
1206.3 631.8
1206.4 631.8
1206.3 631.8
1206.3 631.8
1206.4 631.8
1206.3 631.8
1206.3 631.8
1206.3 631.8
1206.3 631.8
1206.3 631.8
1206.3 631.8
1206.4 631.8
1206.8 631.8
1206.3 631.8
1206.4 631.8
1206.4 631.8
1206.3 631.8
1206.4 631.8
1206.4 631.8
1206.3 631.8
1206.3 631.8
1206.3 631.8
1206.3 631.8
1206.4 631.8
1206.3 631.8
1206.2 631.8
1206.4 631.8
1205.7 631.8
1206.3 631.8
1206.3 631.8
1206.3 631.8
1206.2 631.8
1206.4 631.8
1206.4 631.8
1206.3 631.8
1205.8 631.8
1205.7 631.8
1206.3 631.8
1205.7 631.8
1206.3 631.8
1206.3 631.8
1206.3 631.8
1206.3 631.8
1206.2 631.8
1205.8 631.8
1206.2 631.8
1206.2 631.8
1206.3 631.8
1206.3 631.8
1206.2 631.8
1206.2 631.8
1206.3 631.8
1206.2 631.8
1206.2 631.8
1206.2 631.8
1206.2 631.8
1206.2 631.8
1206.2 631.8
1206.2 631.8
1206.2 631.8
1206.2 631.8
1206.2 631.8
1206.2 631.8
1206.2 631.8
1206.2 631.8
1206.2 631.8
1206.1 631.8
1206.2 631.8
1206.3 631.8
1206.2 631.8
1206.2 631.8
1206.2 631.8
1206.2 631.8
1206.2 631.8
1206.2 631.8
1206.2 631.8
1206.2 631.8
1205.8 631.8
1206.2 631.8
1206.2 631.8
1206.1 631.8
1206.1 631.8
1206.2 631.8
1206.1 631.8
1206.2 631.8
1206.1 631.8
1206.1 631.8
1206.2 631.8
1206.1 631.8
1206.1 631.8
1206.2 631.8
1206.2 631.8
1206.2 631.8
1206.2 631.8
1206.2 631.8
1206.2 631.8
1206.2 631.8
1206.2 631.8
1206.2 631.8
1206.2 631.8
1206.2 631.8
1206.2 631.8
1205.6 631.8
1206.1 631.8
1206.1 631.8
1206.2 631.8
1206.2 631.8
1206.2 631.8
1206.2 631.8
1206.1 631.8
1205.6 631.8
1205.6 631.8
1205.6 631.8
1205.6 631.8
1205.7 631.8
1205.5 631.8
1205.5 631.8
1205.7 631.8
1205.5 631.8
1205.5 631.8
1205.5 631.8
1205.5 631.8
1205.7 631.8
1206.1 631.8
1206.1 631.8
1206.2 631.8
1206.2 631.8
1206.1 631.8
1206.1 631.8
1206.1 631.8
1206.1 631.8
1206.1 631.8
1206.1 631.8
1206.1 631.8
1206.1 631.8
1206.1 631.8
1206.1 631.8
1206.1 631.8
1206.1 631.8
1206.1 631.8
1206.1 631.8
1206.1 631.8
1206.1 631.8
1206.1 631.8
1206.1 631.8
1206.1 631.8
1206.1 631.8
1206.1 631.8
1206.1 631.8
1206.1 631.8
1206.1 631.8
1206.1 631.8
1206.0 631.8
1206.1 631.8
1206.0 631.8
1206.1 631.8
1206.0 631.8
1206.1 631.8
1206.0 631.8
1206.0 631.8
1206.0 631.8
1205.9 631.8
1206.0 631.8
1206.0 631.8
1206.0 631.8
1206.0 631.8
1206.1 631.8
1206.0 631.8
1206.0 631.8
1206.0 631.8
1205.9 631.8
1206.0 631.8
1206.0 631.8
1205.9 631.8
1205.9 631.8
1206.0 631.8
1205.9 631.8
1205.9 631.8
1206.0 631.8
1206.0 631.8
1206.0 631.8
1206.0 631.8
1206.0 631.8
1206.0 631.8
1206.0 631.8
1205.9 631.8
1206.0 631.8
1205.9 631.8
1205.9 631.8
1206.0 631.8
1206.0 631.8
1206.1 631.8
1206.0 631.8
1205.9 631.8
1205.9 631.8
1205.9 631.8
1205.9 631.8
1205.9 631.8
1205.9 631.8
1205.9 631.8
1205.9 631.8
1205.9 631.8
1205.9 631.8
1205.9 631.8
1205.9 631.8
1205.9 631.8
1205.9 631.8
1205.9 631.8
1205.9 631.8
1205.9 631.8
1205.9 631.8
1205.9 631.8
1205.9 631.8
1205.9 631.8
1205.9 631.8
1205.9 631.8
1205.9 631.8
1205.9 631.8
1205.9 631.8
1205.9 631.8
1205.9 631.8
1205.9 631.8
1205.9 631.8
1205.9 631.8
1205.9 631.8
1205.9 631.8
1205.9 631.8
1205.9 631.8
1205.9 631.8
1205.9 631.8
1205.9 631.8
1205.9 631.8
1205.9 631.8
1205.9 631.8
1205.9 631.8
1205.9 631.8
1205.9 631.8
1205.9 631.8
1205.9 631.8
1205.9 631.8
1205.9 631.8
1205.8 631.8
1205.8 631.8
1205.8 631.8
1205.8 631.8
1205.9 631.8
1205.9 631.8
1205.8 631.8
1205.8 631.8
1205.8 631.8
1205.4 631.8
1205.8 631.8
1205.9 631.8
1205.2 631.8
1205.2 631.8
1205.8 631.8
1205.9 631.8
1205.4 631.8
1205.8 631.8
1205.8 631.8
1205.8 631.8
1205.8 631.8
1205.7 631.8
1205.9 631.8
1205.8 631.8
1205.8 631.8
1205.8 631.8
1205.8 631.8
1205.8 631.8
1205.8 631.8
1205.8 631.8
1205.2 631.8
1205.4 631.8
1205.8 631.8
1205.8 631.8
1205.8 631.8
1205.8 631.8
1205.8 631.8
1205.4 631.8
1205.8 631.8
1205.8 631.8
1205.8 631.8
1205.8 631.8
1205.8 631.8
1205.2 631.8
1205.2 631.8
1205.2 631.8
1205.8 631.8
1205.7 631.8
1205.7 631.8
1205.8 631.8
1205.8 631.8
1205.8 631.8
1205.7 631.8
1205.8 631.8
1205.8 631.8
1205.8 631.8
1205.8 631.8
1205.8 631.8
1205.8 631.8
1205.8 631.8
1205.7 631.8
1205.8 631.8
1205.7 631.8
1205.7 631.8
1205.8 631.8
1205.7 631.8
1205.8 631.8
1205.8 631.8
1205.7 631.8
1205.7 631.8
1205.7 631.8
1205.7 631.8
1205.7 631.8
1205.7 631.8
1205.7 631.8
1205.7 631.8
1205.7 631.8
1205.7 631.8
1205.8 631.8
1205.7 631.8
1205.7 631.8
1205.7 631.8
1205.7 631.8
1205.7 631.8
1205.7 631.8
1205.7 631.8
1205.7 631.8
1205.7 631.8
1205.7 631.8
1205.6 631.8
1205.6 631.8
1205.7 631.8
1205.7 631.8
1205.2 631.8
1205.7 631.8
1205.7 631.8
1205.6 631.8
1205.6 631.8
1205.7 631.8
1205.6 631.8
1205.6 631.8
1205.7 631.8
1205.6 631.8
1205.6 631.8
1205.7 631.8
1205.7 631.8
1205.6 631.8
1205.7 631.8
1205.7 631.8
1205.7 631.8
1205.2 631.8
1205.7 631.8
1205.2 631.8
1205.7 631.8
1205.6 631.8
1205.7 631.8
1205.6 631.8
1205.7 631.8
1205.7 631.8
1205.7 631.8
1205.7 631.8
1205.7 631.8
1205.6 631.8
1205.7 631.8
1205.6 631.8
1205.2 631.8
1205.6 631.8
1205.6 631.8
1205.7 631.8
1205.6 631.8
1205.6 631.8
1205.6 631.8
1205.6 631.8
1205.1 631.8
1205.6 631.8
1205.6 631.8
1205.6 631.8
1205.7 631.8
1205.6 631.8
1205.7 631.8
1205.6 631.8
1205.0 631.8
1205.0 631.8
1205.5 631.8
1205.6 631.8
1205.7 631.8
1205.5 631.8
1205.6 631.8
1205.5 631.8
1205.5 631.8
1205.5 631.8
1205.1 631.8
1205.5 631.8
1205.5 631.8
1205.5 631.8
1205.5 631.8
1205.5 631.8
1205.5 631.8
1205.6 631.8
1205.6 631.8
1205.5 631.8
1205.5 631.8
1205.5 631.8
1205.5 631.8
1205.5 631.8
1205.5 631.8
1205.6 631.8
1205.1 631.8
1204.9 631.8
1205.5 631.8
1205.5 631.8
1205.5 631.8
1205.5 631.8
1205.5 631.8
1205.5 631.8
1205.5 631.8
1205.5 631.8
1205.5 631.8
1205.5 631.8
1205.5 631.8
1205.5 631.8
1205.5 631.8
1205.5 631.8
1205.5 631.8
1205.5 631.8
1205.5 631.8
1205.5 631.8
1205.4 631.8
1205.5 631.8
1205.5 631.8
1205.5 631.8
1205.5 631.8
1205.5 631.8
1205.5 631.8
1205.5 631.8
1205.5 631.8
1205.5 631.8
1205.5 631.8
1205.4 631.8
1205.5 631.8
1205.5 631.8
1205.5 631.8
1205.5 631.8
1205.4 631.8
1204.9 631.8
1205.0 631.8
1205.0 631.8
1205.5 631.8
1205.4 631.8
1205.4 631.8
1205.4 631.8
1205.5 631.8
1205.4 631.8
1205.4 631.8
1205.4 631.8
1205.4 631.8
1204.8 631.8
1205.4 631.8
1205.4 631.8
1205.4 631.8
1205.4 631.8
1205.0 631.8
1205.5 631.8
1205.5 631.8
1205.4 631.8
1205.4 631.8
1205.5 631.8
1204.8 631.8
1204.8 631.8
1204.8 631.8
1205.0 631.8
1204.8 631.8
1205.4 631.8
1205.4 631.8
1205.4 631.8
1205.4 631.8
1205.4 631.8
1204.9 631.8
1205.4 631.8
1204.8 631.8
1204.9 631.8
1204.9 631.8
1204.9 631.8
1205.4 631.8
1205.4 631.8
1205.4 631.8
1205.4 631.8
1205.4 631.8
1205.4 631.8
1205.4 631.8
1205.4 631.8
1205.3 631.8
1205.4 631.8
1205.3 631.8
1205.3 631.8
1205.3 631.8
1205.3 631.8
1205.4 631.8
1205.3 631.8
1205.4 631.8
1205.4 631.8
1205.3 631.8
1205.3 631.8
1205.3 631.8
1205.3 631.8
1205.3 631.8
1205.2 631.8
1205.3 631.8
1205.3 631.8
1205.2 631.8
1205.3 631.8
1205.2 631.8
1205.3 631.8
1205.3 631.8
1205.3 631.8
1205.3 631.8
1205.2 631.8
1205.3 631.8
1205.3 631.8
1205.3 631.8
1205.3 631.8
1205.3 631.8
1205.2 631.8
1205.3 631.8
1205.3 631.8
1205.3 631.8
1205.2 631.8
1205.2 631.8
1205.3 631.8
1205.2 631.8
1205.3 631.8
1205.2 631.8
1205.3 631.8
1205.2 631.8
1205.2 631.8
1205.2 631.8
1205.2 631.8
1205.2 631.8
1205.2 631.8
1205.2 631.8
1205.2 631.8
1205.2 631.8
1205.2 631.8
1205.2 631.8
1205.2 631.8
1205.2 631.8
1205.2 631.8
1205.2 631.8
1205.2 631.8
1205.2 631.8
1205.2 631.8
1205.2 631.8
1205.2 631.8
1205.2 631.8
1205.2 631.8
1205.3 631.8
1205.2 631.8
1205.2 631.8
1205.2 631.8
1205.2 631.8
1205.2 631.8
1205.2 631.8
1205.2 631.8
1205.2 631.8
1205.2 631.8
1205.2 631.8
1205.2 631.8
1205.1 631.8
1205.2 631.8
1205.2 631.8
1205.2 631.8
1205.2 631.8
1205.2 631.8
1205.2 631.8
1205.2 631.8
1205.2 631.8
1205.2 631.8
1205.2 631.8
1205.2 631.8
1205.1 631.8
1205.1 631.8
1205.1 631.8
1205.1 631.8
1205.1 631.8
1205.1 631.8
1205.1 631.8
1205.1 631.8
1205.1 631.8
1205.1 631.8
1205.1 631.8
1205.1 631.8
1205.1 631.8
1205.1 631.8
1205.1 631.8
1205.1 631.8
1205.1 631.8
1205.1 631.8
1205.1 631.8
1205.1 631.8
1205.1 631.8
1205.1 631.8
1205.1 631.8
1205.1 631.8
1205.1 631.8
1205.1 631.8
1205.1 631.8
1205.1 631.8
1205.1 631.8
1205.1 631.8
1205.1 631.8
1205.1 631.8
1205.1 631.8
1205.1 631.8
1205.1 631.8
1205.1 631.8
1205.1 631.8
1205.1 631.8
1205.1 631.8
1205.1 631.8
1205.1 631.8
1205.1 631.8
1205.1 631.8
1205.1 631.8
1205.1 631.8
1205.1 631.8
1205.1 631.8
1205.1 631.8
1205.1 631.8
1205.1 631.8
1205.1 631.8
1205.1 631.8
1205.1 631.8
1205.1 631.8
1205.1 631.8
1205.1 631.8
1205.1 631.8
1205.1 631.8
1205.1 631.8
1205.1 631.8
1205.1 631.8
1205.1 631.8
1205.1 631.8
1205.0 631.8
1205.1 631.8
1205.1 631.8
1205.0 631.8
1205.0 631.8
1205.0 631.8
1205.0 631.8
1190.0 631.8
1176.6 631.8
1163.3 631.8
1142.2 631.8
1157.1 631.8
1156.0 631.8
1149.2 631.8
1135.2 631.8
1184.9 631.8
1184.9 631.8
1184.9 631.8
1184.9 631.8
1184.8 631.8
1184.9 631.8
1184.8 631.8
1184.9 631.8
1184.9 631.8
1184.9 631.8
1184.9 631.8
1184.9 631.8
1184.8 631.8
1184.8 631.8
1184.8 631.8
1184.8 631.8
1184.8 631.8
1184.8 631.8
1184.8 631.8
1184.8 631.8
1184.8 631.8
1184.8 631.8
1184.8 631.8
1184.8 631.8
1184.7 631.8
1184.8 631.8
1184.8 631.8
1184.8 631.8
1184.8 631.8
1184.8 631.8
1184.8 631.8
1184.8 631.8
1184.8 631.8
1184.8 631.8
1184.8 631.8
1184.9 631.8
1184.8 631.8
1184.8 631.8
1184.8 631.8
1184.8 631.8
1184.9 631.8
1184.8 631.8
1184.8 631.8
1184.8 631.8
1184.8 631.8
1184.9 631.8
1184.8 631.8
1184.8 631.8
1184.8 631.8
1184.8 631.8
1184.8 631.8
1184.8 631.8
1184.7 631.8
1184.8 631.8
1184.8 631.8
1184.8 631.8
1184.7 631.8
1184.7 631.8
1184.8 631.8
1184.8 631.8
1184.8 631.8
1184.8 631.8
1184.7 631.8
1184.8 631.8
1184.8 631.8
1184.7 631.8
1184.7 631.8
1184.8 631.8
1184.8 631.8
1184.7 631.8
1184.7 631.8
1184.8 631.8
1184.6 631.8
1184.7 631.8
1184.8 631.8
1184.8 631.8
1184.7 631.8
1184.7 631.8
1184.7 631.8
1184.7 631.8
1184.9 631.8
1184.1 631.8
1184.7 631.8
1184.1 631.8
1184.1 631.8
1184.1 631.8
1184.1 631.8
1184.1 631.8
1184.7 631.8
1184.7 631.8
1184.8 631.8
1184.7 631.8
1184.7 631.8
1184.7 631.8
1184.7 631.8
1184.7 631.8
1184.7 631.8
1184.7 631.8
1184.7 631.8
1184.7 631.8
1184.7 631.8
1184.7 631.8
1184.7 631.8
1184.7 631.8
1184.7 631.8
1184.6 631.8
1184.7 631.8
1184.6 631.8
1184.6 631.8
1184.7 631.8
1184.7 631.8
1184.7 631.8
1184.7 631.8
1184.7 631.8
1184.7 631.8
1184.6 631.8
1184.6 631.8
1184.7 631.8
1184.7 631.8
1184.7 631.8
1184.7 631.8
1184.7 631.8
1184.7 631.8
1184.7 631.8
1184.6 631.8
1184.7 631.8
1184.7 631.8
1184.7 631.8
1184.6 631.8
1184.7 631.8
1184.1 631.8
1184.2 631.8
1184.0 631.8
1184.0 631.8
1184.7 631.8
1184.5 631.8
1184.6 631.8
1184.7 631.8
1184.6 631.8
1184.5 631.8
1184.6 631.8
1184.6 631.8
1184.6 631.8
1184.5 631.8
1184.7 631.8
1184.1 631.8
1184.0 631.8
1184.1 631.8
1184.1 631.8
1184.5 631.8
1184.6 631.8
1184.5 631.8
1184.5 631.8
1184.5 631.8
1184.7 631.8
1184.7 631.8
1184.5 631.8
1184.6 631.8
1184.7 631.8
1184.5 631.8
1184.6 631.8
1184.5 631.8
1184.5 631.8
1184.5 631.8
1184.5 631.8
1184.5 631.8
1184.5 631.8
1184.5 631.8
1184.5 631.8
1184.5 631.8
1184.5 631.8
1184.6 631.8
1183.9 631.8
1183.9 631.8
1184.1 631.8
1184.5 631.8
1184.5 631.8
1184.6 631.8
1184.5 631.8
1184.5 631.8
1184.5 631.8
1184.5 631.8
1184.5 631.8
1184.5 631.8
1184.5 631.8
1184.5 631.8
1184.5 631.8
1184.5 631.8
1184.4 631.8
1184.4 631.8
1184.4 631.8
1184.4 631.8
1184.4 631.8
1184.5 631.8
1184.5 631.8
1184.5 631.8
1184.5 631.8
1184.5 631.8
1184.5 631.8
1184.5 631.8
1184.5 631.8
1184.5 631.8
1184.4 631.8
1184.5 631.8
1184.5 631.8
1184.5 631.8
1184.5 631.8
1184.5 631.8
1184.5 631.8
1184.5 631.8
1184.5 631.8
1184.4 631.8
1184.5 631.8
1184.4 631.8
1184.4 631.8
1184.5 631.8
1184.5 631.8
1184.4 631.8
1184.5 631.8
1184.4 631.8
1184.4 631.8
1184.5 631.8
1184.4 631.8
1184.4 631.8
1184.4 631.8
1184.4 631.8
1184.4 631.8
1184.4 631.8
1184.4 631.8
1184.4 631.8
1184.4 631.8
1184.4 631.8
1184.4 631.8
1184.4 631.8
1183.9 631.8
1183.8 631.8
1183.8 631.8
1183.8 631.8
1183.8 631.8
1183.8 631.8
1183.8 631.8
1183.9 631.8
1184.4 631.8
1184.4 631.8
1183.8 631.8
1184.4 631.8
1184.3 631.8
1184.4 631.8
1184.4 631.8
1184.4 631.8
1184.4 631.8
1184.4 631.8
1184.4 631.8
1184.4 631.8
1184.4 631.8
1184.4 631.8
1184.3 631.8
1184.4 631.8
1184.4 631.8
1184.3 631.8
1184.4 631.8
1184.4 631.8
1184.3 631.8
1184.3 631.8
1184.3 631.8
1184.3 631.8
1184.3 631.8
1184.3 631.8
1184.3 631.8
1184.2 631.8
1184.4 631.8
1184.3 631.8
1184.2 631.8
1184.2 631.8
1184.3 631.8
1184.4 631.8
1184.3 631.8
1184.3 631.8
1184.3 631.8
1184.3 631.8
1184.3 631.8
1184.4 631.8
1184.3 631.8
1184.3 631.8
1184.3 631.8
1184.3 631.8
1184.4 631.8
1184.3 631.8
1184.3 631.8
1184.3 631.8
1184.4 631.8
1184.3 631.8
1184.2 631.8
1184.4 631.8
1184.3 631.8
1184.4 631.8
1184.2 631.8
1184.3 631.8
1184.3 631.8
1184.2 631.8
1184.3 631.8
1184.3 631.8
1184.3 631.8
1184.2 631.8
1184.3 631.8
1184.2 631.8
1184.3 631.8
1184.2 631.8
1184.2 631.8
1184.2 631.8
1184.2 631.8
1184.3 631.8
1184.2 631.8
1184.2 631.8
1184.2 631.8
1184.2 631.8
1184.3 631.8
1184.2 631.8
1184.2 631.8
1184.2 631.8
1184.3 631.8
1184.2 631.8
1184.2 631.8
1184.2 631.8
1184.2 631.8
1184.2 631.8
1184.2 631.8
1184.2 631.8
1184.2 631.8
1184.2 631.8
1184.3 631.8
1184.2 631.8
1184.2 631.8
1184.2 631.8
1184.2 631.8
1184.2 631.8
1184.2 631.8
1184.2 631.8
1184.2 631.8
1184.2 631.8
1184.2 631.8
1184.1 631.8
1184.2 631.8
1184.2 631.8
1184.1 631.8
1184.2 631.8
1184.1 631.8
1184.1 631.8
1184.1 631.8
1184.2 631.8
1184.1 631.8
1184.2 631.8
1184.1 631.8
1184.1 631.8
1184.1 631.8
1184.1 631.8
1184.1 631.8
1184.2 631.8
1184.1 631.8
1184.1 631.8
1184.1 631.8
1184.1 631.8
1184.1 631.8
1184.1 631.8
1184.1 631.8
1184.2 631.8
1184.1 631.8
1184.1 631.8
1184.2 631.8
1184.1 631.8
1184.1 631.8
1184.2 631.8
1184.1 631.8
1184.1 631.8
1184.1 631.8
1184.2 631.8
1184.1 631.8
1184.1 631.8
1184.1 631.8
1184.1 631.8
1184.1 631.8
1184.1 631.8
1184.1 631.8
1184.1 631.8
1184.1 631.8
1184.1 631.8
1184.1 631.8
1184.1 631.8
1184.1 631.8
1184.1 631.8
1183.5 631.8
1183.4 631.8
1183.5 631.8
1183.5 631.8
1183.5 631.8
1183.5 631.8
1183.5 631.8
1183.5 631.8
1183.5 631.8
1183.5 631.8
1183.5 631.8
1183.5 631.8
1183.5 631.8
1183.5 631.8
1183.5 631.8
1183.5 631.8
1183.5 631.8
1183.5 631.8
1183.5 631.8
1183.5 631.8
1183.5 631.8
1183.5 631.8
1183.5 631.8
1183.5 631.8
1183.5 631.8
1183.5 631.8
1183.5 631.8
1183.4 631.8
1183.5 631.8
1183.5 631.8
1183.5 631.8
1183.4 631.8
1183.5 631.8
1183.5 631.8
1183.4 631.8
1183.4 631.8
1183.4 631.8
1183.4 631.8
1183.4 631.8
1183.4 631.8
1183.4 631.8
1183.4 631.8
1183.4 631.8
1183.4 631.8
1183.4 631.8
1183.4 631.8
1183.4 631.8
1183.4 631.8
1183.4 631.8
1183.4 631.8
1183.4 631.8
1183.4 631.8
1183.4 631.8
1183.4 631.8
1183.4 631.8
1183.3 631.8
1183.3 631.8
1183.4 631.8
1183.4 631.8
1183.4 631.8
1183.4 631.8
1183.4 631.8
1183.4 631.8
1183.4 631.8
1183.4 631.8
1183.4 631.8
1183.4 631.8
1183.4 631.8
1183.4 631.8
1183.4 631.8
1183.3 631.8
1183.4 631.8
1183.4 631.8
1183.4 631.8
1183.3 631.8
1183.4 631.8
1183.4 631.8
1183.4 631.8
1183.3 631.8
1183.4 631.8
1183.4 631.8
1183.4 631.8
1183.4 631.8
1183.4 631.8
1183.4 631.8
1183.4 631.8
1183.3 631.8
1183.3 631.8
1183.4 631.8
1183.4 631.8
1183.3 631.8
1183.4 631.8
1183.4 631.8
1183.3 631.8
1183.3 631.8
1183.3 631.8
1183.3 631.8
1183.4 631.8
1183.3 631.8
1183.3 631.8
1183.3 631.8
1183.3 631.8
1183.3 631.8
1183.3 631.8
1183.3 631.8
1183.3 631.8
1183.3 631.8
1183.3 631.8
1183.3 631.8
1183.3 631.8
1183.2 631.8
1183.3 631.8
1183.3 631.8
1183.3 631.8
1183.3 631.8
1183.3 631.8
1183.2 631.8
1183.3 631.8
1183.2 631.8
1183.3 631.8
1183.3 631.8
1183.2 631.8
1183.2 631.8
1183.2 631.8
1183.2 631.8
1183.2 631.8
1183.2 631.8
1183.2 631.8
1183.2 631.8
1183.2 631.8
1183.2 631.8
1183.2 631.8
1183.2 631.8
1183.2 631.8
1183.2 631.8
1183.2 631.8
1183.2 631.8
1183.2 631.8
1183.2 631.8
1183.2 631.8
1183.2 631.8
1183.2 631.8
1183.2 631.8
1183.2 631.8
1183.2 631.8
1183.2 631.8
1183.2 631.8
1183.2 631.8
1183.2 631.8
1183.2 631.8
1183.2 631.8
1183.2 631.8
1183.2 631.8
1183.2 631.8
1183.2 631.8
1183.2 631.8
1183.2 631.8
1183.2 631.8
1183.2 631.8
1183.2 631.8
1183.2 631.8
1183.2 631.8
1183.2 631.8
1183.2 631.8
1183.2 631.8
1183.2 631.8
1183.2 631.8
1183.2 631.8
1183.2 631.8
1183.1 631.8
1183.1 631.8
1183.2 631.8
1183.2 631.8
1183.2 631.8
1183.2 631.8
1183.2 631.8
1183.2 631.8
1183.2 631.8
1183.1 631.8
1183.1 631.8
1183.1 631.8
1183.1 631.8
1183.1 631.8
1183.1 631.8
1183.1 631.8
1183.1 631.8
1183.1 631.8
1183.1 631.8
1183.1 631.8
1183.1 631.8
1183.1 631.8
1183.1 631.8
1183.1 631.8
1183.1 631.8
1183.1 631.8
1183.1 631.8
1183.1 631.8
1183.1 631.8
1183.1 631.8
1183.1 631.8
1183.1 631.8
1183.1 631.8
1183.1 631.8
1183.1 631.8
1183.1 631.8
1183.1 631.8
1183.1 631.8
1183.1 631.8
1183.1 631.8
1183.1 631.8
1183.1 631.8
1183.1 631.8
1183.1 631.8
1183.1 631.8
1183.1 631.8
1183.1 631.8
1183.0 631.8
1183.0 631.8
1183.0 631.8
1183.1 631.8
1183.1 631.8
1183.1 631.8
1183.0 631.8
1183.0 631.8
1183.0 631.8
1183.0 631.8
1183.0 631.8
1183.0 631.8
1183.0 631.8
1183.0 631.8
1183.0 631.8
1183.0 631.8
1183.0 631.8
1183.0 631.8
1183.1 631.8
1183.0 631.8
1183.1 631.8
1183.1 631.8
1183.0 631.8
1183.0 631.8
1183.0 631.8
1183.1 631.8
1183.0 631.8
1183.0 631.8
1183.0 631.8
1183.1 631.8
1183.0 631.8
1183.0 631.8
1183.0 631.8
1183.0 631.8
1183.0 631.8
1183.0 631.8
1183.0 631.8
1183.0 631.8
1183.0 631.8
1183.0 631.8
1183.0 631.8
1183.0 631.8
1183.0 631.8
1183.0 631.8
1183.0 631.8
1183.0 631.8
1183.0 631.8
1183.0 631.8
1183.0 631.8
1182.9 631.8
1183.0 631.8
1183.0 631.8
1183.0 631.8
1183.0 631.8
1183.0 631.8
1183.0 631.8
1183.0 631.8
1183.0 631.8
1183.0 631.8
1183.0 631.8
1183.0 631.8
1183.0 631.8
1183.0 631.8
1183.0 631.8
1183.0 631.8
1183.0 631.8
1183.0 631.8
1183.0 631.8
1183.0 631.8
1183.0 631.8
1183.0 631.8
1182.9 631.8
1182.9 631.8
1182.9 631.8
1182.9 631.8
1183.0 631.8
1182.9 631.8
1182.9 631.8
1182.9 631.8
1182.9 631.8
1182.9 631.8
1182.9 631.8
1182.9 631.8
1182.9 631.8
1182.9 631.8
1182.8 631.8
1182.9 631.8
1182.9 631.8
1182.9 631.8
1182.8 631.8
1182.8 631.8
1182.8 631.8
1182.9 631.8
1182.8 631.8
1182.8 631.8
1182.8 631.8
1182.8 631.8
1182.8 631.8
1182.8 631.8
1182.8 631.8
1182.8 631.8
1182.8 631.8
1182.8 631.8
1182.9 631.8
1182.9 631.8
1182.8 631.8
1182.8 631.8
1182.8 631.8
1182.8 631.8
1182.9 631.8
1182.8 631.8
1182.9 631.8
1182.8 631.8
1182.8 631.8
1182.8 631.8
1182.8 631.8
1182.8 631.8
1183.4 631.8
1183.4 631.8
1183.4 631.8
1183.4 631.8
1183.4 631.8
1183.4 631.8
1183.4 631.8
1183.4 631.8
1183.4 631.8
1183.5 631.8
1183.4 631.8
1183.4 631.8
1183.4 631.8
1183.4 631.8
1183.4 631.8
1183.4 631.8
1183.4 631.8
1183.4 631.8
1183.4 631.8
1183.4 631.8
1183.4 631.8
1183.3 631.8
1183.4 631.8
1183.4 631.8
1183.4 631.8
1183.4 631.8
1183.4 631.8
1183.4 631.8
1183.3 631.8
1183.4 631.8
1183.4 631.8
1183.3 631.8
1183.4 631.8
1183.4 631.8
1183.3 631.8
1183.4 631.8
1183.4 631.8
1183.3 631.8
1183.3 631.8
1183.4 631.8
1183.3 631.8
1183.3 631.8
1183.3 631.8
1183.3 631.8
1183.3 631.8
1183.4 631.8
1183.3 631.8
1183.3 631.8
1183.3 631.8
1183.3 631.8
1183.3 631.8
1183.3 631.8
1183.3 631.8
1183.3 631.8
1183.2 631.8
1183.3 631.8
1183.3 631.8
1183.3 631.8
1183.3 631.8
1183.3 631.8
1183.3 631.8
1183.3 631.8
1183.3 631.8
1183.3 631.8
1183.3 631.8
1183.3 631.8
1183.2 631.8
1183.2 631.8
1183.2 631.8
1183.3 631.8
1183.2 631.8
1183.3 631.8
1183.3 631.8
1183.3 631.8
1183.3 631.8
1183.3 631.8
1183.3 631.8
1183.3 631.8
1183.3 631.8
1183.3 631.8
1183.3 631.8
1183.3 631.8
1183.3 631.8
1183.3 631.8
1183.3 631.8
1183.3 631.8
1183.3 631.8
1183.3 631.8
1183.3 631.8
1183.3 631.8
1183.3 631.8
1183.3 631.8
1555.3 744.8
1555.3 744.8
1554.2 744.8
1554.2 745.0
1548.7 745.0
1548.7 745.0
1548.8 745.0
1548.8 745.0
1548.7 745.0
1548.7 745.0
1550.3 745.0
1550.3 745.0
1550.4 745.0
1550.4 745.0
1551.0 745.0
1551.4 745.0
1551.0 745.0
1551.0 745.0
1551.5 745.0
1550.5 745.0
1551.4 745.0
1551.5 745.0
1551.4 745.0
1550.5 745.0
1551.4 745.0
1550.4 745.0
1550.3 745.0
1550.4 745.0
1550.3 745.0
1550.3 745.0
1551.4 745.0
1551.4 745.0
1551.4 745.0
1551.4 745.0
1551.4 745.0
1551.4 745.0
1551.4 745.0
1551.4 745.0
1550.2 745.0
1549.2 745.0
1549.2 745.0
1550.2 745.0
1550.1 745.0
1550.1 745.0
1550.1 745.0
1546.4 745.0
1546.3 745.0
1546.3 745.0
1546.3 745.0
1546.0 745.0
1545.8 745.0
1545.2 745.0
1545.8 745.0
1546.3 745.0
1546.3 745.0
1546.3 745.0
1545.3 745.0
1545.2 745.0
1546.3 745.0
1546.3 745.0
1546.3 745.0
1545.8 745.0
1546.3 745.0
1545.8 745.0
1546.3 745.0
1546.3 745.0
1542.4 745.0
1535.2 745.0
1528.4 745.0
1521.9 745.0
1516.1 745.0
1509.5 745.0
1502.9 745.0
1496.2 745.0
1489.5 745.0
1483.3 745.0
1476.7 745.0
1470.3 745.0
1463.8 745.0
1457.4 745.0
1451.1 745.0
1444.9 745.0
1438.3 745.0
1432.1 745.0
1425.6 745.0
1419.2 745.0
1412.7 745.0
1406.1 745.0
1399.5 745.0
1394.6 745.0
1390.1 745.0
1384.8 745.0
1379.9 745.0
1375.3 745.0
1369.3 745.0
1362.1 745.0
1353.8 745.0
1347.2 745.0
1341.4 745.0
1336.7 745.0
1329.7 745.0
1324.3 745.0
1319.7 745.0
1313.0 745.0
1304.3 745.0
1297.0 745.0
1290.6 745.0
1284.3 745.0
1277.9 745.0
1271.4 745.0
1265.3 745.0
1260.4 745.0
1253.6 745.0
1246.9 745.0
1240.8 745.0
1233.2 745.0
1227.8 745.0
1221.1 745.0
1214.9 745.0
1210.1 745.0
1204.3 745.0
1200.1 745.0
1193.8 745.0
1188.5 745.0
1182.6 745.0
1176.5 745.0
1170.3 745.0
1164.7 745.0
1158.7 745.0
1152.9 745.0
1146.7 745.0
1139.1 745.0
1133.4 745.0
1126.9 745.0
1119.6 745.0
1113.8 745.0
1107.5 745.0
1100.9 745.0
1094.5 745.0
1088.1 745.0
1082.2 745.0
1075.7 745.0
1070.6 745.0
1064.6 745.0
1058.0 745.0
1052.0 745.0
1045.6 745.0
1039.2 745.0
1032.1 745.0
1025.3 745.0
1018.8 745.0
1011.4 745.0
1005.6 745.0
997.0 745.0
991.2 745.0
984.7 745.0
978.1 745.0
971.6 745.0
964.8 745.0
957.6 745.0
951.2 745.0
944.8 745.0
938.3 745.0
931.7 745.0
925.1 745.0
918.5 745.0
912.0 745.0
906.4 745.0
900.2 745.0
894.1 745.0
887.8 745.0
881.6 745.0
875.1 745.0
869.6 745.0
864.3 745.0
858.0 745.0
851.6 745.0
845.1 745.0
838.7 745.0
832.3 745.0
825.5 745.0
819.2 745.0
812.5 745.0
805.8 745.0
799.2 745.0
794.7 745.0
788.1 745.0
781.6 745.0
774.8 745.0
765.0 745.0
758.2 745.0
751.6 745.0
744.9 745.0
738.4 745.0
732.1 745.0
725.5 745.0
719.1 745.0
712.5 745.0
706.4 745.0
700.0 745.0
693.5 745.0
687.3 745.0
681.3 745.0
675.1 745.0
668.6 745.0
662.2 745.0
654.2 745.0
647.7 745.0
640.7 745.0
634.2 745.0
627.7 745.0
621.0 745.0
614.4 745.0
606.2 745.0
599.7 745.0
592.9 745.0
586.2 745.0
582.3 745.0
577.6 745.0
571.3 745.0
564.4 745.0
558.7 745.0
549.1 745.0
541.4 745.0
534.6 745.0
527.8 745.0
521.1 745.0
514.4 745.0
508.3 745.0
502.7 745.0
496.0 745.0
489.5 745.0
483.1 745.0
476.6 745.0
470.9 745.0
464.6 745.0
458.9 745.0
452.7 745.0
446.1 745.0
439.4 745.0
432.6 745.0
425.9 745.0
418.9 745.0
411.9 745.0
405.3 745.0
398.9 745.0
392.4 745.0
386.3 745.0
381.1 745.0
378.1 745.0
374.7 745.0
371.8 745.0
364.6 745.0
357.7 745.0
350.9 745.0
344.1 745.0
337.3 745.0
334.6 745.0
327.4 745.0
322.5 745.0
315.7 745.0
309.2 745.0
302.6 745.0
296.0 745.0
290.9 745.0
286.1 745.0
280.2 745.0
273.6 745.0
267.9 745.0
261.8 745.0
255.2 745.0
248.3 745.0
241.3 745.0
234.9 745.0
228.1 745.0
219.7 745.0
213.1 745.0
206.8 745.0
200.3 745.0
193.8 745.0
187.5 745.0
181.0 745.0
174.6 745.0
167.9 745.0
161.6 745.0
154.8 745.0
148.4 745.0
141.9 745.0
135.2 745.0
128.4 745.0
121.7 745.0
115.3 745.0
108.8 745.0
102.3 745.0
96.1 745.0
91.1 745.0
88.5 745.0
82.2 745.0
74.4 745.0
68.7 745.0
86.7 744.8
79.7 744.8
73.3 744.8
66.5 744.8
94.6 744.8
89.1 744.8
83.8 744.8
77.9 744.8
70.3 744.8
63.9 744.8
70.9 744.8
64.4 743.4
76.7 743.4
70.2 743.4
63.6 743.4
67.3 739.2
73.9 738.7
61.9 725.4
75.8 712.7
70.4 712.7
65.3 697.9
68.8 697.7
70.8 681.2
64.8 681.2
71.9 670.8
66.3 670.8
78.3 647.9
73.2 647.9
67.7 647.9
82.2 630.7
75.3 630.7
70.0 630.7
64.8 630.7
79.4 605.4
69.7 605.4
65.3 605.4
73.3 583.9
68.0 583.9
62.6 583.9
73.7 578.4
69.3 578.4
65.4 578.2
83.9 546.2
77.3 546.2
71.8 546.2
66.4 546.2
84.1 522.9
79.3 522.9
75.7 522.9
67.4 522.9
63.7 522.6
82.7 496.9
77.3 496.9
71.6 496.9
66.8 496.9
63.3 496.9
83.3 475.9
78.2 475.9
73.1 475.9
68.0 475.9
63.0 475.9
74.4 455.7
69.7 455.7
64.8 455.7
77.8 444.2
70.4 444.2
65.4 444.2
80.7 425.2
71.4 425.2
66.2 425.2
87.5 402.4
81.3 402.4
75.8 402.4
72.7 402.4
67.6 402.4
74.6 385.9
71.1 385.9
65.0 385.9
76.7 375.7
70.0 375.7
63.4 375.7
81.1 345.7
73.6 345.7
70.1 345.7
63.9 345.7
73.6 328.9
65.9 328.9
65.2 306.4
78.1 302.9
74.2 302.9
69.0 302.9
63.0 286.7
68.3 286.7
70.7 263.7
63.4 251.9
71.9 251.9
66.9 251.9
78.6 227.2
76.5 227.2
62.0 210.2
73.2 210.2
70.5 210.2
65.5 209.9
64.2 193.2
72.0 189.2
64.2 169.2
82.8 169.2
77.8 169.2
72.4 169.2
66.2 169.2
83.9 148.9
78.5 148.9
73.3 148.9
67.5 148.9
62.4 130.2
80.5 126.8
75.4 126.8
70.5 126.8
66.1 126.8
76.7 102.1
72.2 102.1
67.2 102.1
62.4 92.3
72.9 84.5
67.9 84.5
63.0 84.5
77.9 62.9
73.4 62.9
68.8 62.9
64.4 62.9
90.8 28.7
87.5 28.7
82.1 28.7
77.2 28.7
1665.9 740.4
1665.9 740.4
1665.9 740.4
1665.9 740.4
1665.9 740.4
1665.9 740.4
1665.9 740.4
1665.9 740.4
1665.9 740.4
1665.8 740.4
1665.9 740.4
1665.9 740.4
1665.9 740.4
1665.9 740.4
1665.8 740.4
1665.8 740.4
1665.7 740.4
1665.7 740.4
1665.1 740.4
1665.1 740.4
1665.1 740.4
1665.1 740.4
1665.1 740.4
1665.1 740.4
1665.1 740.4
1665.1 740.4
1665.1 740.4
1665.1 740.4
1665.1 740.4
1665.1 740.4
1665.1 740.4
1665.1 740.4
1665.1 740.4
1665.1 740.4
1665.1 740.4
1665.1 740.4
1665.0 740.4
1665.0 740.4
1665.0 740.4
1665.0 740.4
1664.0 740.4
1664.0 740.4
1664.0 740.4
1664.0 740.4
1664.0 740.4
1664.0 740.4
1662.8 740.4
1662.8 740.4
1659.2 740.4
1659.2 740.4
1659.2 740.4
1659.2 740.4
1659.2 740.4
1659.2 740.4
1659.2 740.4
1659.2 740.4
1659.3 740.4
1659.2 740.4
1659.2 740.4
1659.2 740.4
1659.2 740.4
1659.2 740.4
1659.2 740.4
1659.2 740.4
1659.2 740.4
1659.2 740.4
1659.2 740.4
1659.2 740.4
1659.2 740.4
1659.2 740.4
1659.2 740.4
1659.2 740.4
1658.1 740.4
1658.2 740.4
1658.2 740.4
1658.1 740.4
1658.1 740.4
1658.1 740.4
1658.1 740.4
1658.1 740.4
1658.1 740.4
1658.1 740.4
1658.1 740.4
1658.1 740.4
1658.1 740.4
1658.1 740.4
1658.1 740.4
1658.1 740.4
1658.1 740.4
1658.1 740.4
1658.1 740.4
1658.1 740.4
1658.1 740.4
1658.1 740.4
1658.1 740.4
1658.1 740.4
1658.1 740.4
1658.1 740.4
1658.1 740.4
1658.1 740.4
1658.1 740.4
1658.1 740.4
1659.7 740.4
1659.6 740.4
1659.7 740.4
1659.7 740.4
1659.6 740.4
1659.6 740.4
1659.7 740.4
1659.7 740.4
1659.6 740.4
1659.7 740.4
1659.6 740.4
1659.6 740.4
1659.6 740.4
1659.6 740.4
1659.6 740.4
1659.6 740.4
1659.6 740.4
1659.6 740.4
1659.6 740.4
1659.6 740.4
1659.6 740.4
1659.6 740.4
1659.6 740.4
1659.6 740.4
1659.6 740.4
1659.6 740.4
1659.6 740.4
1659.6 740.4
1659.6 740.4
1659.6 740.4
1659.6 740.4
1659.6 740.4
1659.6 740.4
1659.6 740.4
1659.6 740.4
1659.6 740.4
1659.6 740.4
1659.6 740.4
1659.6 740.4
1659.6 740.4
1659.6 740.4
1659.6 740.4
1659.6 740.4
1659.6 740.4
1659.6 740.4
1659.6 740.4
1659.5 740.4
1659.6 740.4
1659.6 740.4
1659.5 740.4
1659.6 740.4
1659.6 740.4
1659.6 740.4
1659.5 740.4
1659.6 740.4
1659.5 740.4
1659.5 740.4
1659.6 740.4
1659.6 740.4
1659.6 740.4
1659.5 740.4
1659.6 740.4
1659.6 740.4
1659.6 740.4
1659.6 740.4
1659.6 740.4
1659.6 740.4
1659.6 740.4
1659.6 740.4
1659.6 740.4
1659.6 740.4
1659.6 740.4
1659.6 740.4
1659.6 740.4
1659.6 740.4
1659.6 740.4
1659.5 740.4
1659.6 740.4
1659.6 740.4
1659.6 740.4
1659.6 740.4
1659.6 740.4
1659.5 740.4
1659.6 740.4
1659.6 740.4
1659.5 740.4
1659.5 740.4
1659.6 740.4
1659.5 740.4
1658.5 740.4
1658.6 740.4
1658.4 740.4
1658.5 740.4
1658.5 740.4
1658.5 740.4
1658.5 740.4
1658.5 740.4
1658.5 740.4
1658.5 740.4
1658.5 740.4
1658.5 740.4
1658.5 740.4
1658.6 740.4
1658.4 740.4
1658.4 740.4
1657.6 740.4
1657.4 740.4
1657.4 740.4
1657.3 740.4
1657.4 740.4
1657.5 740.4
1657.4 740.4
1657.5 740.4
1657.5 740.4
1657.4 740.4
1657.4 740.4
1657.4 740.4
1657.4 740.4
1657.2 740.4
1657.2 740.4
1656.2 740.4
1656.2 740.4
1656.3 740.4
1656.2 740.4
1656.0 740.4
1656.1 740.4
1656.1 740.4
1656.0 740.4
1656.2 740.4
1656.1 740.4
1656.1 740.4
1656.2 740.4
1656.1 740.4
1656.1 740.4
1656.1 740.4
1656.1 740.4
1656.0 740.4
1656.1 740.4
1656.1 740.4
1656.0 740.4
1656.0 740.4
1656.0 740.4
1656.0 740.4
1656.0 740.4
1656.1 740.4
1656.1 740.4
1656.0 740.4
1656.0 740.4
1656.0 740.4
1656.0 740.4
1656.0 740.4
1656.0 740.4
1656.0 740.4
1655.6 740.4
1654.9 740.4
1655.0 740.4
1654.8 740.4
1654.8 740.4
1654.8 740.4
1654.8 740.4
1654.6 740.4
1654.9 740.4
1654.3 740.4
1654.7 740.4
1653.5 740.4
1653.5 740.4
1655.4 740.4
1653.6 740.4
1653.6 740.4
                                                                                                                                  